Openearthtool/python/applications/wps/zeelandModelling/onttrekkingtool_zeeland/ascigrid.asc
NCOLS	200
NROWS	200
XLLCORNER	22532
YLLCORNER	394391
CELLSIZE	5
NODATA_VALUE	-9999
[rows 120 to 143 of 200, columns 108 to 161 of 200]
-5.4448e-02 -5.3719e-02 -5.2924e-02 -5.2066e-02 -5.1149e-02 -5.0178e-02 -4.9154e-02 -4.8304e-02 -4.7495e-02 -4.6655e-02 -4.5788e-02 -4.4894e-02 -4.3976e-02 -4.3035e-02 -4.2073e-02 -4.1091e-02 -4.0091e-02 -3.9074e-02 -3.8272e-02 -3.7532e-02 -3.6782e-02 -3.6023e-02 -3.5256e-02 -3.4481e-02 -3.3699e-02 -3.2909e-02 -3.2114e-02 -3.1312e-02 -3.0504e-02 -2.9691e-02 -2.9096e-02 -2.8535e-02 -2.7971e-02 -2.7404e-02 -2.6835e-02 -2.6263e-02 -2.5688e-02 -2.5111e-02 -2.4532e-02 -2.3951e-02 -2.3369e-02 -2.2784e-02 -2.2197e-02 -2.1609e-02 -2.1138e-02 -2.0754e-02 -2.0369e-02 -1.9983e-02 -1.9596e-02 -1.9209e-02 -1.8820e-02 -1.8431e-02 -1.8042e-02 -1.7651e-02
-5.2766e-02 -5.2066e-02 -5.1301e-02 -5.0474e-02 -4.9590e-02 -4.8716e-02 -4.7998e-02 -4.7246e-02 -4.6461e-02 -4.5645e-02 -4.4801e-02 -4.3930e-02 -4.3035e-02 -4.2116e-02 -4.1175e-02 -4.0215e-02 -3.9235e-02 -3.8411e-02 -3.7695e-02 -3.6968e-02 -3.6231e-02 -3.5485e-02 -3.4729e-02 -3.3966e-02 -3.3194e-02 -3.2416e-02 -3.1630e-02 -3.0839e-02 -3.0041e-02 -2.9344e-02 -2.8793e-02 -2.8238e-02 -2.7679e-02 -2.7118e-02 -2.6554e-02 -2.5987e-02 -2.5418e-02 -2.4846e-02 -2.4272e-02 -2.3695e-02 -2.3117e-02 -2.2536e-02 -2.1954e-02 -2.1370e-02 -2.0985e-02 -2.0603e-02 -2.0221e-02 -1.9837e-02 -1.9453e-02 -1.9067e-02 -1.8681e-02 -1.8294e-02 -1.7907e-02 -1.7518e-02
-5.1074e-02 -5.0400e-02 -4.9663e-02 -4.8871e-02 -4.8253e-02 -4.7595e-02 -4.6900e-02 -4.6171e-02 -4.5409e-02 -4.4616e-02 -4.3795e-02 -4.2946e-02 -4.2073e-02 -4.1175e-02 -4.0256e-02 -3.9316e-02 -3.8495e-02 -3.7804e-02 -3.7101e-02 -3.6388e-02 -3.5663e-02 -3.4929e-02 -3.4186e-02 -3.3434e-02 -3.2674e-02 -3.1906e-02 -3.1131e-02 -3.0349e-02 -2.9565e-02 -2.9024e-02 -2.8478e-02 -2.7929e-02 -2.7377e-02 -2.6821e-02 -2.6263e-02 -2.5701e-02 -2.5137e-02 -2.4570e-02 -2.4001e-02 -2.3429e-02 -2.2855e-02 -2.2279e-02 -2.1701e-02 -2.1204e-02 -2.0826e-02 -2.0447e-02 -2.0067e-02 -1.9685e-02 -1.9303e-02 -1.8920e-02 -1.8536e-02 -1.8152e-02 -1.7766e-02 -1.7380e-02
-4.9372e-02 -4.8767e-02 -4.8253e-02 -4.7695e-02 -4.7097e-02 -4.6461e-02 -4.5788e-02 -4.5080e-02 -4.4340e-02 -4.3570e-02 -4.2770e-02 -4.1943e-02 -4.1091e-02 -4.0215e-02 -3.9316e-02 -3.8523e-02 -3.7859e-02 -3.7182e-02 -3.6492e-02 -3.5791e-02 -3.5080e-02 -3.4358e-02 -3.3626e-02 -3.2886e-02 -3.2137e-02 -3.1380e-02 -3.0615e-02 -2.9844e-02 -2.9227e-02 -2.8692e-02 -2.8153e-02 -2.7610e-02 -2.7064e-02 -2.6514e-02 -2.5961e-02 -2.5405e-02 -2.4846e-02 -2.4284e-02 -2.3720e-02 -2.3153e-02 -2.2583e-02 -2.2012e-02 -2.1438e-02 -2.1036e-02 -2.0660e-02 -2.0284e-02 -1.9906e-02 -1.9528e-02 -1.9148e-02 -1.8767e-02 -1.8386e-02 -1.8003e-02 -1.7620e-02 -1.7235e-02
-4.7998e-02 -4.7545e-02 -4.7048e-02 -4.6509e-02 -4.5931e-02 -4.5315e-02 -4.4662e-02 -4.3976e-02 -4.3257e-02 -4.2507e-02 -4.1728e-02 -4.0923e-02 -4.0091e-02 -3.9235e-02 -3.8495e-02 -3.7859e-02 -3.7209e-02 -3.6545e-02 -3.5869e-02 -3.5180e-02 -3.4481e-02 -3.3771e-02 -3.3052e-02 -3.2323e-02 -3.1585e-02 -3.0839e-02 -3.0085e-02 -2.9403e-02 -2.8879e-02 -2.8351e-02 -2.7818e-02 -2.7281e-02 -2.6741e-02 -2.6197e-02 -2.5649e-02 -2.5099e-02 -2.4545e-02 -2.3988e-02 -2.3429e-02 -2.2867e-02 -2.2302e-02 -2.1735e-02 -2.1233e-02 -2.0862e-02 -2.0489e-02 -2.0115e-02 -1.9740e-02 -1.9364e-02 -1.8987e-02 -1.8609e-02 -1.8229e-02 -1.7849e-02 -1.7468e-02 -1.7086e-02
-4.6753e-02 -4.6315e-02 -4.5835e-02 -4.5315e-02 -4.4755e-02 -4.4157e-02 -4.3525e-02 -4.2858e-02 -4.2159e-02 -4.1430e-02 -4.0671e-02 -3.9886e-02 -3.9074e-02 -3.8411e-02 -3.7804e-02 -3.7182e-02 -3.6545e-02 -3.5894e-02 -3.5231e-02 -3.4555e-02 -3.3868e-02 -3.3171e-02 -3.2463e-02 -3.1745e-02 -3.1018e-02 -3.0283e-02 -2.9550e-02 -2.9038e-02 -2.8521e-02 -2.7999e-02 -2.7473e-02 -2.6942e-02 -2.6408e-02 -2.5870e-02 -2.5328e-02 -2.4783e-02 -2.4234e-02 -2.3683e-02 -2.3129e-02 -2.2572e-02 -2.2012e-02 -2.1450e-02 -2.1050e-02 -2.0682e-02 -2.0312e-02 -1.9941e-02 -1.9569e-02 -1.9195e-02 -1.8820e-02 -1.8445e-02 -1.8068e-02 -1.7690e-02 -1.7311e-02 -1.6931e-02
-4.5503e-02 -4.5080e-02 -4.4616e-02 -4.4112e-02 -4.3570e-02 -4.2990e-02 -4.2376e-02 -4.1728e-02 -4.1049e-02 -4.0339e-02 -3.9600e-02 -3.8834e-02 -3.8272e-02 -3.7695e-02 -3.7101e-02 -3.6492e-02 -3.5869e-02 -3.5231e-02 -3.4580e-02 -3.3917e-02 -3.3242e-02 -3.2556e-02 -3.1860e-02 -3.1153e-02 -3.0438e-02 -2.9713e-02 -2.9169e-02 -2.8664e-02 -2.8153e-02 -2.7638e-02 -2.7118e-02 -2.6594e-02 -2.6066e-02 -2.5533e-02 -2.4997e-02 -2.4458e-02 -2.3915e-02 -2.3369e-02 -2.2819e-02 -2.2267e-02 -2.1712e-02 -2.1226e-02 -2.0862e-02 -2.0496e-02 -2.0129e-02 -1.9761e-02 -1.9391e-02 -1.9020e-02 -1.8648e-02 -1.8275e-02 -1.7900e-02 -1.7525e-02 -1.7148e-02 -1.6770e-02
-4.4249e-02 -4.3840e-02 -4.3390e-02 -4.2902e-02 -4.2376e-02 -4.1814e-02 -4.1218e-02 -4.0588e-02 -3.9927e-02 -3.9235e-02 -3.8607e-02 -3.8079e-02 -3.7532e-02 -3.6968e-02 -3.6388e-02 -3.5791e-02 -3.5180e-02 -3.4555e-02 -3.3917e-02 -3.3266e-02 -3.2603e-02 -3.1929e-02 -3.1244e-02 -3.0549e-02 -2.9844e-02 -2.9271e-02 -2.8778e-02 -2.8280e-02 -2.7776e-02 -2.7268e-02 -2.6754e-02 -2.6236e-02 -2.5714e-02 -2.5188e-02 -2.4657e-02 -2.4123e-02 -2.3586e-02 -2.3045e-02 -2.2501e-02 -2.1954e-02 -2.1404e-02 -2.1028e-02 -2.0668e-02 -2.0305e-02 -1.9941e-02 -1.9576e-02 -1.9209e-02 -1.8840e-02 -1.8471e-02 -1.8100e-02 -1.7728e-02 -1.7354e-02 -1.6980e-02 -1.6605e-02
-4.2990e-02 -4.2594e-02 -4.2159e-02 -4.1686e-02 -4.1175e-02 -4.0630e-02 -4.0050e-02 -3.9437e-02 -3.8804e-02 -3.8328e-02 -3.7831e-02 -3.7316e-02 -3.6782e-02 -3.6231e-02 -3.5663e-02 -3.5080e-02 -3.4481e-02 -3.3868e-02 -3.3242e-02 -3.2603e-02 -3.1952e-02 -3.1289e-02 -3.0615e-02 -2.9931e-02 -2.9344e-02 -2.8865e-02 -2.8379e-02 -2.7888e-02 -2.7391e-02 -2.6889e-02 -2.6381e-02 -2.5870e-02 -2.5354e-02 -2.4833e-02 -2.4309e-02 -2.3780e-02 -2.3248e-02 -2.2713e-02 -2.2174e-02 -2.1632e-02 -2.1182e-02 -2.0826e-02 -2.0468e-02 -2.0108e-02 -1.9747e-02 -1.9385e-02 -1.9020e-02 -1.8655e-02 -1.8288e-02 -1.7920e-02 -1.7550e-02 -1.7179e-02 -1.6807e-02 -1.6434e-02
-4.1728e-02 -4.1345e-02 -4.0923e-02 -4.0463e-02 -3.9968e-02 -3.9437e-02 -3.8874e-02 -3.8439e-02 -3.7996e-02 -3.7532e-02 -3.7048e-02 -3.6545e-02 -3.6023e-02 -3.5485e-02 -3.4929e-02 -3.4358e-02 -3.3771e-02 -3.3171e-02 -3.2556e-02 -3.1929e-02 -3.1289e-02 -3.0638e-02 -2.9975e-02 -2.9388e-02 -2.8922e-02 -2.8450e-02 -2.7971e-02 -2.7487e-02 -2.6996e-02 -2.6501e-02 -2.6000e-02 -2.5495e-02 -2.4985e-02 -2.4470e-02 -2.3951e-02 -2.3429e-02 -2.2902e-02 -2.2372e-02 -2.1839e-02 -2.1321e-02 -2.0970e-02 -2.0618e-02 -2.0263e-02 -1.9906e-02 -1.9548e-02 -1.9188e-02 -1.8827e-02 -1.8464e-02 -1.8100e-02 -1.7734e-02 -1.7367e-02 -1.6999e-02 -1.6629e-02 -1.6258e-02
-4.0463e-02 -4.0091e-02 -3.9681e-02 -3.9235e-02 -3.8775e-02 -3.8411e-02 -3.8023e-02 -3.7613e-02 -3.7182e-02 -3.6729e-02 -3.6257e-02 -3.5766e-02 -3.5256e-02 -3.4729e-02 -3.4186e-02 -3.3626e-02 -3.3052e-02 -3.2463e-02 -3.1860e-02 -3.1244e-02 -3.0615e-02 -2.9975e-02 -2.9403e-02 -2.8951e-02 -2.8493e-02 -2.8027e-02 -2.7555e-02 -2.7078e-02 -2.6594e-02 -2.6105e-02 -2.5611e-02 -2.5111e-02 -2.4607e-02 -2.4099e-02 -2.3586e-02 -2.3069e-02 -2.2548e-02 -2.2023e-02 -2.1495e-02 -2.1101e-02 -2.0754e-02 -2.0404e-02 -2.0053e-02 -1.9699e-02 -1.9344e-02 -1.8987e-02 -1.8628e-02 -1.8268e-02 -1.7907e-02 -1.7544e-02 -1.7179e-02 -1.6813e-02 -1.6446e-02 -1.6078e-02
-3.9195e-02 -3.8834e-02 -3.8551e-02 -3.8244e-02 -3.7914e-02 -3.7559e-02 -3.7182e-02 -3.6782e-02 -3.6361e-02 -3.5920e-02 -3.5459e-02 -3.4979e-02 -3.4481e-02 -3.3966e-02 -3.3434e-02 -3.2886e-02 -3.2323e-02 -3.1745e-02 -3.1153e-02 -3.0549e-02 -2.9931e-02 -2.9388e-02 -2.8951e-02 -2.8507e-02 -2.8055e-02 -2.7597e-02 -2.7132e-02 -2.6661e-02 -2.6184e-02 -2.5701e-02 -2.5213e-02 -2.4720e-02 -2.4222e-02 -2.3720e-02 -2.3212e-02 -2.2701e-02 -2.2186e-02 -2.1667e-02 -2.1218e-02 -2.0876e-02 -2.0532e-02 -2.0186e-02 -1.9837e-02 -1.9487e-02 -1.9135e-02 -1.8781e-02 -1.8425e-02 -1.8068e-02 -1.7709e-02 -1.7348e-02 -1.6986e-02 -1.6623e-02 -1.6258e-02 -1.5893e-02
-3.8189e-02 -3.7941e-02 -3.7668e-02 -3.7370e-02 -3.7048e-02 -3.6703e-02 -3.6335e-02 -3.5946e-02 -3.5536e-02 -3.5105e-02 -3.4655e-02 -3.4186e-02 -3.3699e-02 -3.3194e-02 -3.2674e-02 -3.2137e-02 -3.1585e-02 -3.1018e-02 -3.0438e-02 -2.9844e-02 -2.9344e-02 -2.8922e-02 -2.8493e-02 -2.8055e-02 -2.7610e-02 -2.7159e-02 -2.6701e-02 -2.6236e-02 -2.5766e-02 -2.5290e-02 -2.4808e-02 -2.4321e-02 -2.3829e-02 -2.3333e-02 -2.2831e-02 -2.2326e-02 -2.1816e-02 -2.1321e-02 -2.0985e-02 -2.0646e-02 -2.0305e-02 -1.9962e-02 -1.9617e-02 -1.9269e-02 -1.8920e-02 -1.8569e-02 -1.8216e-02 -1.7862e-02 -1.7506e-02 -1.7148e-02 -1.6789e-02 -1.6428e-02 -1.6066e-02 -1.5702e-02
-3.7289e-02 -3.7048e-02 -3.6782e-02 -3.6492e-02 -3.6179e-02 -3.5843e-02 -3.5485e-02 -3.5105e-02 -3.4704e-02 -3.4284e-02 -3.3844e-02 -3.3386e-02 -3.2909e-02 -3.2416e-02 -3.1906e-02 -3.1380e-02 -3.0839e-02 -3.0283e-02 -2.9713e-02 -2.9271e-02 -2.8865e-02 -2.8450e-02 -2.8027e-02 -2.7597e-02 -2.7159e-02 -2.6714e-02 -2.6263e-02 -2.5805e-02 -2.5341e-02 -2.4871e-02 -2.4396e-02 -2.3915e-02 -2.3429e-02 -2.2938e-02 -2.2443e-02 -2.1943e-02 -2.1438e-02 -2.1079e-02 -2.0747e-02 -2.0411e-02 -2.0074e-02 -1.9734e-02 -1.9391e-02 -1.9047e-02 -1.8701e-02 -1.8353e-02 -1.8003e-02 -1.7651e-02 -1.7298e-02 -1.6943e-02 -1.6586e-02 -1.6228e-02 -1.5869e-02 -1.5508e-02
-3.6388e-02 -3.6153e-02 -3.5894e-02 -3.5612e-02 -3.5307e-02 -3.4979e-02 -3.4630e-02 -3.4259e-02 -3.3868e-02 -3.3458e-02 -3.3028e-02 -3.2580e-02 -3.2114e-02 -3.1630e-02 -3.1131e-02 -3.0615e-02 -3.0085e-02 -2.9550e-02 -2.9169e-02 -2.8778e-02 -2.8379e-02 -2.7971e-02 -2.7555e-02 -2.7132e-02 -2.6701e-02 -2.6263e-02 -2.5818e-02 -2.5366e-02 -2.4909e-02 -2.4445e-02 -2.3976e-02 -2.3501e-02 -2.3021e-02 -2.2536e-02 -2.2047e-02 -2.1552e-02 -2.1160e-02 -2.0833e-02 -2.0503e-02 -2.0172e-02 -1.9837e-02 -1.9500e-02 -1.9161e-02 -1.8820e-02 -1.8477e-02 -1.8132e-02 -1.7785e-02 -1.7436e-02 -1.7086e-02 -1.6733e-02 -1.6379e-02 -1.6024e-02 -1.5667e-02 -1.5309e-02
-3.5485e-02 -3.5256e-02 -3.5004e-02 -3.4729e-02 -3.4432e-02 -3.4112e-02 -3.3771e-02 -3.3410e-02 -3.3028e-02 -3.2627e-02 -3.2206e-02 -3.1768e-02 -3.1312e-02 -3.0839e-02 -3.0349e-02 -2.9844e-02 -2.9403e-02 -2.9038e-02 -2.8664e-02 -2.8280e-02 -2.7888e-02 -2.7487e-02 -2.7078e-02 -2.6661e-02 -2.6236e-02 -2.5805e-02 -2.5366e-02 -2.4921e-02 -2.4470e-02 -2.4013e-02 -2.3550e-02 -2.3081e-02 -2.2607e-02 -2.2128e-02 -2.1644e-02 -2.1226e-02 -2.0905e-02 -2.0582e-02 -2.0256e-02 -1.9927e-02 -1.9596e-02 -1.9263e-02 -1.8927e-02 -1.8589e-02 -1.8249e-02 -1.7907e-02 -1.7563e-02 -1.7217e-02 -1.6869e-02 -1.6519e-02 -1.6168e-02 -1.5815e-02 -1.5461e-02 -1.5105e-02
-3.4580e-02 -3.4358e-02 -3.4112e-02 -3.3844e-02 -3.3554e-02 -3.3242e-02 -3.2909e-02 -3.2556e-02 -3.2183e-02 -3.1791e-02 -3.1380e-02 -3.0951e-02 -3.0504e-02 -3.0041e-02 -2.9565e-02 -2.9227e-02 -2.8879e-02 -2.8521e-02 -2.8153e-02 -2.7776e-02 -2.7391e-02 -2.6996e-02 -2.6594e-02 -2.6184e-02 -2.5766e-02 -2.5341e-02 -2.4909e-02 -2.4470e-02 -2.4025e-02 -2.3574e-02 -2.3117e-02 -2.2654e-02 -2.2186e-02 -2.1712e-02 -2.1277e-02 -2.0963e-02 -2.0646e-02 -2.0326e-02 -2.0004e-02 -1.9679e-02 -1.9351e-02 -1.9020e-02 -1.8688e-02 -1.8353e-02 -1.8016e-02 -1.7677e-02 -1.7336e-02 -1.6993e-02 -1.6648e-02 -1.6301e-02 -1.5952e-02 -1.5602e-02 -1.5250e-02 -1.4897e-02
-3.3675e-02 -3.3458e-02 -3.3218e-02 -3.2957e-02 -3.2674e-02 -3.2369e-02 -3.2044e-02 -3.1699e-02 -3.1334e-02 -3.0951e-02 -3.0549e-02 -3.0129e-02 -2.9691e-02 -2.9344e-02 -2.9024e-02 -2.8692e-02 -2.8351e-02 -2.7999e-02 -2.7638e-02 -2.7268e-02 -2.6889e-02 -2.6501e-02 -2.6105e-02 -2.5701e-02 -2.5290e-02 -2.4871e-02 -2.4445e-02 -2.4013e-02 -2.3574e-02 -2.3129e-02 -2.2678e-02 -2.2221e-02 -2.1758e-02 -2.1314e-02 -2.1007e-02 -2.0696e-02 -2.0383e-02 -2.0067e-02 -1.9747e-02 -1.9425e-02 -1.9101e-02 -1.8774e-02 -1.8445e-02 -1.8113e-02 -1.7779e-02 -1.7443e-02 -1.7104e-02 -1.6764e-02 -1.6422e-02 -1.6078e-02 -1.5732e-02 -1.5385e-02 -1.5035e-02 -1.4685e-02
-3.2768e-02 -3.2556e-02 -3.2323e-02 -3.2067e-02 -3.1791e-02 -3.1494e-02 -3.1176e-02 -3.0839e-02 -3.0482e-02 -3.0107e-02 -2.9713e-02 -2.9388e-02 -2.9096e-02 -2.8793e-02 -2.8478e-02 -2.8153e-02 -2.7818e-02 -2.7473e-02 -2.7118e-02 -2.6754e-02 -2.6381e-02 -2.6000e-02 -2.5611e-02 -2.5213e-02 -2.4808e-02 -2.4396e-02 -2.3976e-02 -2.3550e-02 -2.3117e-02 -2.2678e-02 -2.2232e-02 -2.1781e-02 -2.1336e-02 -2.1036e-02 -2.0732e-02 -2.0425e-02 -2.0115e-02 -1.9803e-02 -1.9487e-02 -1.9168e-02 -1.8847e-02 -1.8523e-02 -1.8197e-02 -1.7868e-02 -1.7537e-02 -1.7204e-02 -1.6869e-02 -1.6531e-02 -1.6192e-02 -1.5851e-02 -1.5508e-02 -1.5163e-02 -1.4816e-02 -1.4468e-02
-3.1860e-02 -3.1653e-02 -3.1425e-02 -3.1176e-02 -3.0906e-02 -3.0615e-02 -3.0305e-02 -2.9975e-02 -2.9626e-02 -2.9359e-02 -2.9096e-02 -2.8822e-02 -2.8535e-02 -2.8238e-02 -2.7929e-02 -2.7610e-02 -2.7281e-02 -2.6942e-02 -2.6594e-02 -2.6236e-02 -2.5870e-02 -2.5495e-02 -2.5111e-02 -2.4720e-02 -2.4321e-02 -2.3915e-02 -2.3501e-02 -2.3081e-02 -2.2654e-02 -2.2221e-02 -2.1781e-02 -2.1343e-02 -2.1050e-02 -2.0754e-02 -2.0454e-02 -2.0150e-02 -1.9844e-02 -1.9535e-02 -1.9222e-02 -1.8907e-02 -1.8589e-02 -1.8268e-02 -1.7945e-02 -1.7620e-02 -1.7292e-02 -1.6962e-02 -1.6629e-02 -1.6295e-02 -1.5958e-02 -1.5620e-02 -1.5279e-02 -1.4937e-02 -1.4593e-02 -1.4309e-02
-3.0951e-02 -3.0749e-02 -3.0526e-02 -3.0283e-02 -3.0019e-02 -2.9735e-02 -2.9477e-02 -2.9257e-02 -2.9024e-02 -2.8778e-02 -2.8521e-02 -2.8252e-02 -2.7971e-02 -2.7679e-02 -2.7377e-02 -2.7064e-02 -2.6741e-02 -2.6408e-02 -2.6066e-02 -2.5714e-02 -2.5354e-02 -2.4985e-02 -2.4607e-02 -2.4222e-02 -2.3829e-02 -2.3429e-02 -2.3021e-02 -2.2607e-02 -2.2186e-02 -2.1758e-02 -2.1336e-02 -2.1050e-02 -2.0761e-02 -2.0468e-02 -2.0172e-02 -1.9872e-02 -1.9569e-02 -1.9263e-02 -1.8954e-02 -1.8642e-02 -1.8327e-02 -1.8010e-02 -1.7690e-02 -1.7367e-02 -1.7042e-02 -1.6715e-02 -1.6386e-02 -1.6054e-02 -1.5720e-02 -1.5385e-02 -1.5047e-02 -1.4707e-02 -1.4382e-02 -1.4173e-02
-3.0041e-02 -2.9844e-02 -2.9626e-02 -2.9447e-02 -2.9271e-02 -2.9082e-02 -2.8879e-02 -2.8664e-02 -2.8436e-02 -2.8196e-02 -2.7943e-02 -2.7679e-02 -2.7404e-02 -2.7118e-02 -2.6821e-02 -2.6514e-02 -2.6197e-02 -2.5870e-02 -2.5533e-02 -2.5188e-02 -2.4833e-02 -2.4470e-02 -2.4099e-02 -2.3720e-02 -2.3333e-02 -2.2938e-02 -2.2536e-02 -2.2128e-02 -2.1712e-02 -2.1314e-02 -2.1036e-02 -2.0754e-02 -2.0468e-02 -2.0179e-02 -1.9886e-02 -1.9589e-02 -1.9290e-02 -1.8987e-02 -1.8681e-02 -1.8373e-02 -1.8061e-02 -1.7747e-02 -1.7430e-02 -1.7111e-02 -1.6789e-02 -1.6464e-02 -1.6138e-02 -1.5809e-02 -1.5478e-02 -1.5145e-02 -1.4811e-02 -1.4474e-02 -1.4241e-02 -1.4034e-02
-2.9271e-02 -2.9140e-02 -2.8995e-02 -2.8836e-02 -2.8664e-02 -2.8478e-02 -2.8280e-02 -2.8069e-02 -2.7846e-02 -2.7610e-02 -2.7363e-02 -2.7105e-02 -2.6835e-02 -2.6554e-02 -2.6263e-02 -2.5961e-02 -2.5649e-02 -2.5328e-02 -2.4997e-02 -2.4657e-02 -2.4309e-02 -2.3951e-02 -2.3586e-02 -2.3212e-02 -2.2831e-02 -2.2443e-02 -2.2047e-02 -2.1644e-02 -2.1277e-02 -2.1007e-02 -2.0732e-02 -2.0454e-02 -2.0172e-02 -1.9886e-02 -1.9596e-02 -1.9303e-02 -1.9007e-02 -1.8708e-02 -1.8405e-02 -1.8100e-02 -1.7792e-02 -1.7480e-02 -1.7167e-02 -1.6850e-02 -1.6531e-02 -1.6210e-02 -1.5887e-02 -1.5561e-02 -1.5233e-02 -1.4903e-02 -1.4570e-02 -1.4303e-02 -1.4098e-02 -1.3893e-02
-2.8649e-02 -2.8521e-02 -2.8379e-02 -2.8224e-02 -2.8055e-02 -2.7874e-02 -2.7679e-02 -2.7473e-02 -2.7254e-02 -2.7023e-02 -2.6781e-02 -2.6527e-02 -2.6263e-02 -2.5987e-02 -2.5701e-02 -2.5405e-02 -2.5099e-02 -2.4783e-02 -2.4458e-02 -2.4123e-02 -2.3780e-02 -2.3429e-02 -2.3069e-02 -2.2701e-02 -2.2326e-02 -2.1943e-02 -2.1552e-02 -2.1226e-02 -2.0963e-02 -2.0696e-02 -2.0425e-02 -2.0150e-02 -1.9872e-02 -1.9589e-02 -1.9303e-02 -1.9014e-02 -1.8721e-02 -1.8425e-02 -1.8126e-02 -1.7823e-02 -1.7518e-02 -1.7210e-02 -1.6900e-02 -1.6586e-02 -1.6271e-02 -1.5952e-02 -1.5632e-02 -1.5309e-02 -1.4983e-02 -1.4656e-02 -1.4357e-02 -1.4156e-02 -1.3953e-02 -1.3749e-02
