Openearthtool/python/applications/wps/zeelandModelling/onttrekkingtool_zeeland/ascigrid.asc
NCOLS	200
NROWS	200
XLLCORNER	22532
YLLCORNER	394391
CELLSIZE	5
NODATA_VALUE	-9999
[rows 168 to 191 of 200, columns 108 to 161 of 200]
-1.5922e-02 -1.5869e-02 -1.5809e-02 -1.5744e-02 -1.5673e-02 -1.5596e-02 -1.5514e-02 -1.5426e-02 -1.5332e-02 -1.5233e-02 -1.5128e-02 -1.5018e-02 -1.4903e-02 -1.4782e-02 -1.4656e-02 -1.4525e-02 -1.4395e-02 -1.4309e-02 -1.4221e-02 -1.4129e-02 -1.4034e-02 -1.3936e-02 -1.3836e-02 -1.3733e-02 -1.3627e-02 -1.3518e-02 -1.3407e-02 -1.3293e-02 -1.3176e-02 -1.3057e-02 -1.2936e-02 -1.2812e-02 -1.2686e-02 -1.2557e-02 -1.2426e-02 -1.2293e-02 -1.2158e-02 -1.2020e-02 -1.1881e-02 -1.1739e-02 -1.1595e-02 -1.1449e-02 -1.1302e-02 -1.1152e-02 -1.1001e-02 -1.0848e-02 -1.0693e-02 -1.0536e-02 -1.0377e-02 -1.0217e-02 -1.0055e-02 -9.8919e-03 -9.7269e-03 -9.5604e-03
-1.5514e-02 -1.5461e-02 -1.5402e-02 -1.5338e-02 -1.5268e-02 -1.5192e-02 -1.5111e-02 -1.5024e-02 -1.4931e-02 -1.4834e-02 -1.4730e-02 -1.4622e-02 -1.4508e-02 -1.4395e-02 -1.4320e-02 -1.4241e-02 -1.4159e-02 -1.4075e-02 -1.3987e-02 -1.3896e-02 -1.3803e-02 -1.3706e-02 -1.3607e-02 -1.3505e-02 -1.3400e-02 -1.3293e-02 -1.3183e-02 -1.3070e-02 -1.2955e-02 -1.2837e-02 -1.2717e-02 -1.2595e-02 -1.2470e-02 -1.2342e-02 -1.2213e-02 -1.2081e-02 -1.1947e-02 -1.1811e-02 -1.1673e-02 -1.1533e-02 -1.1390e-02 -1.1246e-02 -1.1100e-02 -1.0952e-02 -1.0802e-02 -1.0650e-02 -1.0496e-02 -1.0341e-02 -1.0184e-02 -1.0025e-02 -9.8643e-03 -9.7023e-03 -9.5386e-03 -9.3734e-03
-1.5105e-02 -1.5053e-02 -1.4995e-02 -1.4931e-02 -1.4862e-02 -1.4788e-02 -1.4707e-02 -1.4622e-02 -1.4531e-02 -1.4434e-02 -1.4361e-02 -1.4296e-02 -1.4227e-02 -1.4156e-02 -1.4081e-02 -1.4004e-02 -1.3923e-02 -1.3839e-02 -1.3753e-02 -1.3663e-02 -1.3571e-02 -1.3475e-02 -1.3377e-02 -1.3277e-02 -1.3173e-02 -1.3067e-02 -1.2958e-02 -1.2847e-02 -1.2733e-02 -1.2616e-02 -1.2498e-02 -1.2376e-02 -1.2253e-02 -1.2127e-02 -1.1999e-02 -1.1868e-02 -1.1736e-02 -1.1601e-02 -1.1464e-02 -1.1325e-02 -1.1184e-02 -1.1042e-02 -1.0897e-02 -1.0750e-02 -1.0601e-02 -1.0451e-02 -1.0299e-02 -1.0144e-02 -9.9887e-03 -9.8313e-03 -9.6722e-03 -9.5115e-03 -9.3492e-03 -9.1853e-03
-1.4696e-02 -1.4645e-02 -1.4588e-02 -1.4525e-02 -1.4457e-02 -1.4392e-02 -1.4344e-02 -1.4292e-02 -1.4238e-02 -1.4180e-02 -1.4119e-02 -1.4054e-02 -1.3987e-02 -1.3916e-02 -1.3843e-02 -1.3766e-02 -1.3686e-02 -1.3604e-02 -1.3518e-02 -1.3430e-02 -1.3338e-02 -1.3244e-02 -1.3147e-02 -1.3048e-02 -1.2945e-02 -1.2840e-02 -1.2733e-02 -1.2623e-02 -1.2510e-02 -1.2395e-02 -1.2278e-02 -1.2158e-02 -1.2035e-02 -1.1911e-02 -1.1784e-02 -1.1655e-02 -1.1524e-02 -1.1390e-02 -1.1255e-02 -1.1117e-02 -1.0978e-02 -1.0836e-02 -1.0693e-02 -1.0547e-02 -1.0400e-02 -1.0251e-02 -1.0100e-02 -9.9472e-03 -9.7928e-03 -9.6367e-03 -9.4789e-03 -9.3195e-03 -9.1586e-03 -8.9960e-03
-1.4333e-02 -1.4303e-02 -1.4268e-02 -1.4231e-02 -1.4190e-02 -1.4146e-02 -1.4098e-02 -1.4048e-02 -1.3994e-02 -1.3936e-02 -1.3876e-02 -1.3813e-02 -1.3746e-02 -1.3676e-02 -1.3604e-02 -1.3528e-02 -1.3449e-02 -1.3368e-02 -1.3283e-02 -1.3196e-02 -1.3105e-02 -1.3012e-02 -1.2917e-02 -1.2818e-02 -1.2717e-02 -1.2613e-02 -1.2507e-02 -1.2398e-02 -1.2287e-02 -1.2173e-02 -1.2057e-02 -1.1938e-02 -1.1817e-02 -1.1694e-02 -1.1568e-02 -1.1441e-02 -1.1311e-02 -1.1179e-02 -1.1044e-02 -1.0908e-02 -1.0770e-02 -1.0630e-02 -1.0488e-02 -1.0344e-02 -1.0198e-02 -1.0050e-02 -9.9002e-03 -9.7489e-03 -9.5958e-03 -9.4410e-03 -9.2846e-03 -9.1265e-03 -8.9669e-03 -8.8483e-03
-1.4085e-02 -1.4054e-02 -1.4021e-02 -1.3983e-02 -1.3943e-02 -1.3899e-02 -1.3853e-02 -1.3803e-02 -1.3749e-02 -1.3693e-02 -1.3633e-02 -1.3571e-02 -1.3505e-02 -1.3436e-02 -1.3364e-02 -1.3289e-02 -1.3212e-02 -1.3131e-02 -1.3048e-02 -1.2961e-02 -1.2872e-02 -1.2780e-02 -1.2686e-02 -1.2588e-02 -1.2488e-02 -1.2386e-02 -1.2281e-02 -1.2173e-02 -1.2063e-02 -1.1950e-02 -1.1835e-02 -1.1718e-02 -1.1598e-02 -1.1476e-02 -1.1352e-02 -1.1225e-02 -1.1097e-02 -1.0966e-02 -1.0833e-02 -1.0698e-02 -1.0561e-02 -1.0422e-02 -1.0282e-02 -1.0139e-02 -9.9943e-03 -9.8478e-03 -9.6995e-03 -9.5495e-03 -9.3977e-03 -9.2443e-03 -9.0892e-03 -8.9324e-03 -8.8307e-03 -8.7417e-03
-1.3836e-02 -1.3806e-02 -1.3773e-02 -1.3736e-02 -1.3696e-02 -1.3653e-02 -1.3607e-02 -1.3557e-02 -1.3505e-02 -1.3449e-02 -1.3390e-02 -1.3328e-02 -1.3264e-02 -1.3196e-02 -1.3125e-02 -1.3051e-02 -1.2974e-02 -1.2894e-02 -1.2812e-02 -1.2727e-02 -1.2638e-02 -1.2548e-02 -1.2454e-02 -1.2358e-02 -1.2259e-02 -1.2158e-02 -1.2054e-02 -1.1947e-02 -1.1838e-02 -1.1727e-02 -1.1613e-02 -1.1497e-02 -1.1378e-02 -1.1258e-02 -1.1135e-02 -1.1010e-02 -1.0882e-02 -1.0753e-02 -1.0621e-02 -1.0488e-02 -1.0352e-02 -1.0214e-02 -1.0075e-02 -9.9334e-03 -9.7900e-03 -9.6449e-03 -9.4979e-03 -9.3492e-03 -9.1987e-03 -9.0466e-03 -8.8967e-03 -8.8102e-03 -8.7228e-03 -8.6346e-03
-1.3587e-02 -1.3557e-02 -1.3525e-02 -1.3488e-02 -1.3449e-02 -1.3407e-02 -1.3361e-02 -1.3312e-02 -1.3260e-02 -1.3205e-02 -1.3147e-02 -1.3086e-02 -1.3022e-02 -1.2955e-02 -1.2885e-02 -1.2812e-02 -1.2736e-02 -1.2657e-02 -1.2576e-02 -1.2491e-02 -1.2404e-02 -1.2315e-02 -1.2222e-02 -1.2127e-02 -1.2029e-02 -1.1929e-02 -1.1826e-02 -1.1721e-02 -1.1613e-02 -1.1503e-02 -1.1390e-02 -1.1275e-02 -1.1158e-02 -1.1039e-02 -1.0917e-02 -1.0793e-02 -1.0667e-02 -1.0539e-02 -1.0408e-02 -1.0276e-02 -1.0142e-02 -1.0005e-02 -9.8671e-03 -9.7269e-03 -9.5849e-03 -9.4410e-03 -9.2953e-03 -9.1479e-03 -8.9987e-03 -8.8717e-03 -8.7869e-03 -8.7011e-03 -8.6144e-03 -8.5268e-03
-1.3338e-02 -1.3309e-02 -1.3277e-02 -1.3241e-02 -1.3202e-02 -1.3160e-02 -1.3115e-02 -1.3067e-02 -1.3016e-02 -1.2961e-02 -1.2904e-02 -1.2844e-02 -1.2780e-02 -1.2714e-02 -1.2645e-02 -1.2573e-02 -1.2498e-02 -1.2420e-02 -1.2339e-02 -1.2256e-02 -1.2170e-02 -1.2081e-02 -1.1990e-02 -1.1896e-02 -1.1799e-02 -1.1700e-02 -1.1598e-02 -1.1494e-02 -1.1387e-02 -1.1278e-02 -1.1167e-02 -1.1053e-02 -1.0937e-02 -1.0819e-02 -1.0698e-02 -1.0576e-02 -1.0451e-02 -1.0324e-02 -1.0195e-02 -1.0064e-02 -9.9306e-03 -9.7955e-03 -9.6585e-03 -9.5196e-03 -9.3788e-03 -9.2362e-03 -9.0918e-03 -8.9457e-03 -8.8439e-03 -8.7606e-03 -8.6765e-03 -8.5914e-03 -8.5054e-03 -8.4185e-03
-1.3089e-02 -1.3060e-02 -1.3028e-02 -1.2993e-02 -1.2955e-02 -1.2913e-02 -1.2869e-02 -1.2821e-02 -1.2771e-02 -1.2717e-02 -1.2660e-02 -1.2601e-02 -1.2538e-02 -1.2473e-02 -1.2404e-02 -1.2333e-02 -1.2259e-02 -1.2182e-02 -1.2103e-02 -1.2020e-02 -1.1935e-02 -1.1847e-02 -1.1757e-02 -1.1664e-02 -1.1568e-02 -1.1470e-02 -1.1370e-02 -1.1267e-02 -1.1161e-02 -1.1053e-02 -1.0943e-02 -1.0830e-02 -1.0716e-02 -1.0598e-02 -1.0479e-02 -1.0358e-02 -1.0234e-02 -1.0108e-02 -9.9804e-03 -9.8506e-03 -9.7187e-03 -9.5849e-03 -9.4491e-03 -9.3115e-03 -9.1719e-03 -9.0306e-03 -8.8938e-03 -8.8131e-03 -8.7315e-03 -8.6490e-03 -8.5655e-03 -8.4811e-03 -8.3958e-03 -8.3097e-03
-1.2840e-02 -1.2812e-02 -1.2780e-02 -1.2745e-02 -1.2708e-02 -1.2667e-02 -1.2623e-02 -1.2576e-02 -1.2526e-02 -1.2473e-02 -1.2417e-02 -1.2358e-02 -1.2296e-02 -1.2231e-02 -1.2164e-02 -1.2093e-02 -1.2020e-02 -1.1944e-02 -1.1865e-02 -1.1784e-02 -1.1700e-02 -1.1613e-02 -1.1524e-02 -1.1432e-02 -1.1337e-02 -1.1240e-02 -1.1141e-02 -1.1039e-02 -1.0934e-02 -1.0827e-02 -1.0718e-02 -1.0607e-02 -1.0493e-02 -1.0377e-02 -1.0259e-02 -1.0139e-02 -1.0016e-02 -9.8919e-03 -9.7653e-03 -9.6367e-03 -9.5060e-03 -9.3734e-03 -9.2389e-03 -9.1025e-03 -8.9642e-03 -8.8585e-03 -8.7796e-03 -8.6996e-03 -8.6187e-03 -8.5368e-03 -8.4541e-03 -8.3703e-03 -8.2857e-03 -8.2002e-03
-1.2591e-02 -1.2563e-02 -1.2532e-02 -1.2498e-02 -1.2460e-02 -1.2420e-02 -1.2376e-02 -1.2330e-02 -1.2281e-02 -1.2228e-02 -1.2173e-02 -1.2115e-02 -1.2054e-02 -1.1990e-02 -1.1923e-02 -1.1853e-02 -1.1781e-02 -1.1706e-02 -1.1628e-02 -1.1547e-02 -1.1464e-02 -1.1378e-02 -1.1290e-02 -1.1199e-02 -1.1106e-02 -1.1010e-02 -1.0911e-02 -1.0810e-02 -1.0707e-02 -1.0601e-02 -1.0493e-02 -1.0383e-02 -1.0270e-02 -1.0156e-02 -1.0039e-02 -9.9195e-03 -9.7983e-03 -9.6749e-03 -9.5495e-03 -9.4221e-03 -9.2926e-03 -9.1612e-03 -9.0279e-03 -8.8967e-03 -8.8205e-03 -8.7432e-03 -8.6649e-03 -8.5856e-03 -8.5054e-03 -8.4242e-03 -8.3421e-03 -8.2590e-03 -8.1751e-03 -8.0903e-03
-1.2342e-02 -1.2315e-02 -1.2284e-02 -1.2250e-02 -1.2213e-02 -1.2173e-02 -1.2130e-02 -1.2084e-02 -1.2035e-02 -1.1984e-02 -1.1929e-02 -1.1871e-02 -1.1811e-02 -1.1748e-02 -1.1682e-02 -1.1613e-02 -1.1542e-02 -1.1467e-02 -1.1390e-02 -1.1311e-02 -1.1228e-02 -1.1144e-02 -1.1056e-02 -1.0966e-02 -1.0874e-02 -1.0779e-02 -1.0681e-02 -1.0581e-02 -1.0479e-02 -1.0375e-02 -1.0268e-02 -1.0158e-02 -1.0047e-02 -9.9334e-03 -9.8175e-03 -9.6995e-03 -9.5794e-03 -9.4572e-03 -9.3330e-03 -9.2068e-03 -9.0785e-03 -8.9483e-03 -8.8541e-03 -8.7796e-03 -8.7040e-03 -8.6274e-03 -8.5497e-03 -8.4711e-03 -8.3916e-03 -8.3111e-03 -8.2296e-03 -8.1472e-03 -8.0640e-03 -7.9798e-03
-1.2093e-02 -1.2066e-02 -1.2035e-02 -1.2002e-02 -1.1965e-02 -1.1926e-02 -1.1884e-02 -1.1838e-02 -1.1790e-02 -1.1739e-02 -1.1685e-02 -1.1628e-02 -1.1568e-02 -1.1506e-02 -1.1441e-02 -1.1373e-02 -1.1302e-02 -1.1228e-02 -1.1152e-02 -1.1074e-02 -1.0992e-02 -1.0908e-02 -1.0822e-02 -1.0733e-02 -1.0641e-02 -1.0547e-02 -1.0451e-02 -1.0352e-02 -1.0251e-02 -1.0147e-02 -1.0041e-02 -9.9334e-03 -9.8230e-03 -9.7105e-03 -9.5958e-03 -9.4789e-03 -9.3600e-03 -9.2389e-03 -9.1158e-03 -8.9907e-03 -8.8806e-03 -8.8088e-03 -8.7359e-03 -8.6620e-03 -8.5871e-03 -8.5111e-03 -8.4341e-03 -8.3562e-03 -8.2773e-03 -8.1974e-03 -8.1167e-03 -8.0350e-03 -7.9524e-03 -7.8689e-03
-1.1844e-02 -1.1817e-02 -1.1787e-02 -1.1754e-02 -1.1718e-02 -1.1679e-02 -1.1637e-02 -1.1592e-02 -1.1544e-02 -1.1494e-02 -1.1441e-02 -1.1384e-02 -1.1325e-02 -1.1264e-02 -1.1199e-02 -1.1132e-02 -1.1062e-02 -1.0989e-02 -1.0914e-02 -1.0836e-02 -1.0756e-02 -1.0673e-02 -1.0587e-02 -1.0499e-02 -1.0408e-02 -1.0315e-02 -1.0220e-02 -1.0122e-02 -1.0022e-02 -9.9195e-03 -9.8148e-03 -9.7078e-03 -9.5985e-03 -9.4871e-03 -9.3734e-03 -9.2577e-03 -9.1399e-03 -9.0200e-03 -8.8997e-03 -8.8307e-03 -8.7606e-03 -8.6895e-03 -8.6173e-03 -8.5440e-03 -8.4697e-03 -8.3944e-03 -8.3181e-03 -8.2408e-03 -8.1626e-03 -8.0834e-03 -8.0032e-03 -7.9222e-03 -7.8402e-03 -7.7574e-03
-1.1595e-02 -1.1568e-02 -1.1539e-02 -1.1506e-02 -1.1470e-02 -1.1432e-02 -1.1390e-02 -1.1346e-02 -1.1299e-02 -1.1249e-02 -1.1196e-02 -1.1141e-02 -1.1082e-02 -1.1021e-02 -1.0957e-02 -1.0891e-02 -1.0822e-02 -1.0750e-02 -1.0675e-02 -1.0598e-02 -1.0519e-02 -1.0437e-02 -1.0352e-02 -1.0265e-02 -1.0175e-02 -1.0083e-02 -9.9887e-03 -9.8919e-03 -9.7928e-03 -9.6913e-03 -9.5876e-03 -9.4816e-03 -9.3734e-03 -9.2631e-03 -9.1506e-03 -9.0359e-03 -8.9192e-03 -8.8453e-03 -8.7781e-03 -8.7098e-03 -8.6403e-03 -8.5698e-03 -8.4982e-03 -8.4256e-03 -8.3520e-03 -8.2773e-03 -8.2016e-03 -8.1250e-03 -8.0474e-03 -7.9688e-03 -7.8894e-03 -7.8089e-03 -7.7276e-03 -7.6455e-03
-1.1346e-02 -1.1319e-02 -1.1290e-02 -1.1258e-02 -1.1223e-02 -1.1184e-02 -1.1144e-02 -1.1100e-02 -1.1053e-02 -1.1004e-02 -1.0952e-02 -1.0897e-02 -1.0839e-02 -1.0779e-02 -1.0716e-02 -1.0650e-02 -1.0581e-02 -1.0510e-02 -1.0437e-02 -1.0360e-02 -1.0282e-02 -1.0200e-02 -1.0117e-02 -1.0030e-02 -9.9417e-03 -9.8506e-03 -9.7571e-03 -9.6613e-03 -9.5631e-03 -9.4627e-03 -9.3600e-03 -9.2550e-03 -9.1479e-03 -9.0386e-03 -8.9271e-03 -8.8527e-03 -8.7883e-03 -8.7228e-03 -8.6562e-03 -8.5885e-03 -8.5197e-03 -8.4498e-03 -8.3788e-03 -8.3068e-03 -8.2338e-03 -8.1598e-03 -8.0848e-03 -8.0087e-03 -7.9318e-03 -7.8539e-03 -7.7750e-03 -7.6953e-03 -7.6146e-03 -7.5330e-03
-1.1097e-02 -1.1071e-02 -1.1042e-02 -1.1010e-02 -1.0975e-02 -1.0937e-02 -1.0897e-02 -1.0853e-02 -1.0807e-02 -1.0758e-02 -1.0707e-02 -1.0653e-02 -1.0596e-02 -1.0536e-02 -1.0473e-02 -1.0408e-02 -1.0341e-02 -1.0270e-02 -1.0198e-02 -1.0122e-02 -1.0044e-02 -9.9638e-03 -9.8809e-03 -9.7955e-03 -9.7078e-03 -9.6176e-03 -9.5251e-03 -9.4302e-03 -9.3330e-03 -9.2336e-03 -9.1319e-03 -9.0279e-03 -8.9218e-03 -8.8527e-03 -8.7912e-03 -8.7286e-03 -8.6649e-03 -8.6000e-03 -8.5340e-03 -8.4669e-03 -8.3987e-03 -8.3294e-03 -8.2590e-03 -8.1877e-03 -8.1153e-03 -8.0419e-03 -7.9675e-03 -7.8921e-03 -7.8157e-03 -7.7385e-03 -7.6602e-03 -7.5811e-03 -7.5011e-03 -7.4202e-03
-1.0848e-02 -1.0822e-02 -1.0793e-02 -1.0761e-02 -1.0727e-02 -1.0690e-02 -1.0650e-02 -1.0607e-02 -1.0561e-02 -1.0513e-02 -1.0462e-02 -1.0408e-02 -1.0352e-02 -1.0293e-02 -1.0231e-02 -1.0167e-02 -1.0100e-02 -1.0030e-02 -9.9583e-03 -9.8836e-03 -9.8065e-03 -9.7269e-03 -9.6449e-03 -9.5604e-03 -9.4735e-03 -9.3842e-03 -9.2926e-03 -9.1987e-03 -9.1025e-03 -9.0040e-03 -8.9033e-03 -8.8453e-03 -8.7869e-03 -8.7272e-03 -8.6663e-03 -8.6043e-03 -8.5411e-03 -8.4768e-03 -8.4114e-03 -8.3449e-03 -8.2773e-03 -8.2086e-03 -8.1389e-03 -8.0681e-03 -7.9963e-03 -7.9236e-03 -7.8498e-03 -7.7750e-03 -7.6993e-03 -7.6226e-03 -7.5450e-03 -7.4665e-03 -7.3871e-03 -7.3068e-03
-1.0598e-02 -1.0573e-02 -1.0544e-02 -1.0513e-02 -1.0479e-02 -1.0442e-02 -1.0403e-02 -1.0360e-02 -1.0315e-02 -1.0268e-02 -1.0217e-02 -1.0164e-02 -1.0108e-02 -1.0050e-02 -9.9887e-03 -9.9251e-03 -9.8588e-03 -9.7900e-03 -9.7187e-03 -9.6449e-03 -9.5685e-03 -9.4898e-03 -9.4086e-03 -9.3249e-03 -9.2389e-03 -9.1506e-03 -9.0599e-03 -8.9669e-03 -8.8850e-03 -8.8307e-03 -8.7752e-03 -8.7185e-03 -8.6606e-03 -8.6014e-03 -8.5411e-03 -8.4797e-03 -8.4171e-03 -8.3534e-03 -8.2885e-03 -8.2226e-03 -8.1556e-03 -8.0875e-03 -8.0184e-03 -7.9482e-03 -7.8771e-03 -7.8049e-03 -7.7317e-03 -7.6576e-03 -7.5824e-03 -7.5064e-03 -7.4294e-03 -7.3515e-03 -7.2727e-03 -7.1930e-03
-1.0349e-02 -1.0324e-02 -1.0296e-02 -1.0265e-02 -1.0231e-02 -1.0195e-02 -1.0156e-02 -1.0114e-02 -1.0069e-02 -1.0022e-02 -9.9721e-03 -9.9195e-03 -9.8643e-03 -9.8065e-03 -9.7461e-03 -9.6831e-03 -9.6176e-03 -9.5495e-03 -9.4789e-03 -9.4059e-03 -9.3303e-03 -9.2523e-03 -9.1719e-03 -9.0892e-03 -9.0040e-03 -8.9165e-03 -8.8600e-03 -8.8088e-03 -8.7563e-03 -8.7025e-03 -8.6476e-03 -8.5914e-03 -8.5340e-03 -8.4754e-03 -8.4157e-03 -8.3548e-03 -8.2928e-03 -8.2296e-03 -8.1654e-03 -8.1000e-03 -8.0336e-03 -7.9661e-03 -7.8976e-03 -7.8280e-03 -7.7574e-03 -7.6858e-03 -7.6132e-03 -7.5397e-03 -7.4652e-03 -7.3898e-03 -7.3134e-03 -7.2361e-03 -7.1579e-03 -7.0788e-03
-1.0100e-02 -1.0075e-02 -1.0047e-02 -1.0016e-02 -9.9832e-03 -9.9472e-03 -9.9085e-03 -9.8671e-03 -9.8230e-03 -9.7763e-03 -9.7269e-03 -9.6749e-03 -9.6203e-03 -9.5631e-03 -9.5033e-03 -9.4410e-03 -9.3761e-03 -9.3088e-03 -9.2389e-03 -9.1666e-03 -9.0918e-03 -9.0146e-03 -8.9351e-03 -8.8747e-03 -8.8278e-03 -8.7796e-03 -8.7301e-03 -8.6794e-03 -8.6274e-03 -8.5741e-03 -8.5197e-03 -8.4640e-03 -8.4072e-03 -8.3491e-03 -8.2899e-03 -8.2296e-03 -8.1681e-03 -8.1056e-03 -8.0419e-03 -7.9771e-03 -7.9112e-03 -7.8443e-03 -7.7764e-03 -7.7074e-03 -7.6374e-03 -7.5664e-03 -7.4944e-03 -7.4215e-03 -7.3476e-03 -7.2727e-03 -7.1970e-03 -7.1203e-03 -7.0427e-03 -6.9642e-03
-9.8506e-03 -9.8258e-03 -9.7983e-03 -9.7681e-03 -9.7351e-03 -9.6995e-03 -9.6613e-03 -9.6203e-03 -9.5767e-03 -9.5305e-03 -9.4816e-03 -9.4302e-03 -9.3761e-03 -9.3195e-03 -9.2604e-03 -9.1987e-03 -9.1345e-03 -9.0678e-03 -8.9987e-03 -8.9271e-03 -8.8747e-03 -8.8322e-03 -8.7883e-03 -8.7432e-03 -8.6967e-03 -8.6490e-03 -8.6000e-03 -8.5497e-03 -8.4982e-03 -8.4455e-03 -8.3916e-03 -8.3364e-03 -8.2801e-03 -8.2226e-03 -8.1640e-03 -8.1042e-03 -8.0432e-03 -7.9812e-03 -7.9181e-03 -7.8539e-03 -7.7886e-03 -7.7222e-03 -7.6549e-03 -7.5865e-03 -7.5170e-03 -7.4466e-03 -7.3752e-03 -7.3029e-03 -7.2296e-03 -7.1553e-03 -7.0801e-03 -7.0040e-03 -6.9271e-03 -6.8492e-03
-9.6012e-03 -9.5767e-03 -9.5495e-03 -9.5196e-03 -9.4871e-03 -9.4518e-03 -9.4140e-03 -9.3734e-03 -9.3303e-03 -9.2846e-03 -9.2362e-03 -9.1853e-03 -9.1319e-03 -9.0758e-03 -9.0173e-03 -8.9563e-03 -8.8967e-03 -8.8600e-03 -8.8219e-03 -8.7825e-03 -8.7417e-03 -8.6996e-03 -8.6562e-03 -8.6115e-03 -8.5655e-03 -8.5182e-03 -8.4697e-03 -8.4199e-03 -8.3689e-03 -8.3167e-03 -8.2633e-03 -8.2086e-03 -8.1528e-03 -8.0958e-03 -8.0377e-03 -7.9785e-03 -7.9181e-03 -7.8566e-03 -7.7940e-03 -7.7303e-03 -7.6656e-03 -7.5998e-03 -7.5330e-03 -7.4652e-03 -7.3964e-03 -7.3265e-03 -7.2557e-03 -7.1839e-03 -7.1112e-03 -7.0375e-03 -6.9629e-03 -6.8874e-03 -6.8110e-03 -6.7337e-03
