Openearthtool/python/applications/wps/zeelandModelling/onttrekkingtool_zeeland/ascigrid.asc
NCOLS	200
NROWS	200
XLLCORNER	22532
YLLCORNER	394391
CELLSIZE	5
NODATA_VALUE	-9999
[rows 96 to 119 of 200, columns 108 to 161 of 200]
-9.2026e-02 -8.7858e-02 -8.3636e-02 -8.0087e-02 -7.6910e-02 -7.3714e-02 -7.0540e-02 -6.8144e-02 -6.5739e-02 -6.3329e-02 -6.0913e-02 -5.8769e-02 -5.6981e-02 -5.5191e-02 -5.3399e-02 -5.1605e-02 -4.9810e-02 -4.8253e-02 -4.6949e-02 -4.5645e-02 -4.4340e-02 -4.3035e-02 -4.1728e-02 -4.0422e-02 -3.9114e-02 -3.8106e-02 -3.7182e-02 -3.6257e-02 -3.5332e-02 -3.4407e-02 -3.3482e-02 -3.2556e-02 -3.1630e-02 -3.0705e-02 -2.9778e-02 -2.9082e-02 -2.8450e-02 -2.7818e-02 -2.7186e-02 -2.6554e-02 -2.5922e-02 -2.5290e-02 -2.4657e-02 -2.4025e-02 -2.3393e-02 -2.2760e-02 -2.2128e-02 -2.1495e-02 -2.1036e-02 -2.0625e-02 -2.0214e-02 -1.9803e-02 -1.9391e-02 -1.8980e-02
-9.3513e-02 -8.9203e-02 -8.4863e-02 -8.0921e-02 -7.7681e-02 -7.4431e-02 -7.1173e-02 -6.8611e-02 -6.6179e-02 -6.3744e-02 -6.1307e-02 -5.9045e-02 -5.7244e-02 -5.5442e-02 -5.3639e-02 -5.1835e-02 -5.0030e-02 -4.8406e-02 -4.7097e-02 -4.5788e-02 -4.4478e-02 -4.3168e-02 -4.1857e-02 -4.0546e-02 -3.9235e-02 -3.8189e-02 -3.7262e-02 -3.6335e-02 -3.5408e-02 -3.4481e-02 -3.3554e-02 -3.2627e-02 -3.1699e-02 -3.0772e-02 -2.9844e-02 -2.9125e-02 -2.8493e-02 -2.7860e-02 -2.7227e-02 -2.6594e-02 -2.5961e-02 -2.5328e-02 -2.4695e-02 -2.4062e-02 -2.3429e-02 -2.2796e-02 -2.2163e-02 -2.1529e-02 -2.1058e-02 -2.0646e-02 -2.0235e-02 -1.9823e-02 -1.9412e-02 -1.9000e-02
-9.4736e-02 -9.0124e-02 -8.5700e-02 -8.1488e-02 -7.8204e-02 -7.4916e-02 -7.1625e-02 -6.8926e-02 -6.6475e-02 -6.4024e-02 -6.1571e-02 -5.9230e-02 -5.7420e-02 -5.5610e-02 -5.3800e-02 -5.1989e-02 -5.0178e-02 -4.8509e-02 -4.7196e-02 -4.5883e-02 -4.4570e-02 -4.3257e-02 -4.1943e-02 -4.0630e-02 -3.9316e-02 -3.8244e-02 -3.7316e-02 -3.6388e-02 -3.5459e-02 -3.4531e-02 -3.3602e-02 -3.2674e-02 -3.1745e-02 -3.0816e-02 -2.9888e-02 -2.9154e-02 -2.8521e-02 -2.7888e-02 -2.7254e-02 -2.6621e-02 -2.5987e-02 -2.5354e-02 -2.4720e-02 -2.4087e-02 -2.3453e-02 -2.2819e-02 -2.2186e-02 -2.1552e-02 -2.1072e-02 -2.0660e-02 -2.0249e-02 -1.9837e-02 -1.9425e-02 -1.9014e-02
-9.5460e-02 -9.0591e-02 -8.6123e-02 -8.1774e-02 -7.8468e-02 -7.5160e-02 -7.1853e-02 -6.9084e-02 -6.6624e-02 -6.4164e-02 -6.1704e-02 -5.9323e-02 -5.7508e-02 -5.5694e-02 -5.3880e-02 -5.2066e-02 -5.0252e-02 -4.8561e-02 -4.7246e-02 -4.5931e-02 -4.4616e-02 -4.3301e-02 -4.1986e-02 -4.0671e-02 -3.9356e-02 -3.8272e-02 -3.7343e-02 -3.6414e-02 -3.5485e-02 -3.4555e-02 -3.3626e-02 -3.2697e-02 -3.1768e-02 -3.0839e-02 -2.9909e-02 -2.9169e-02 -2.8535e-02 -2.7902e-02 -2.7268e-02 -2.6634e-02 -2.6000e-02 -2.5366e-02 -2.4733e-02 -2.4099e-02 -2.3465e-02 -2.2831e-02 -2.2197e-02 -2.1564e-02 -2.1079e-02 -2.0668e-02 -2.0256e-02 -1.9844e-02 -1.9432e-02 -1.9020e-02
-9.5460e-02 -9.0591e-02 -8.6123e-02 -8.1774e-02 -7.8468e-02 -7.5160e-02 -7.1853e-02 -6.9084e-02 -6.6624e-02 -6.4164e-02 -6.1704e-02 -5.9323e-02 -5.7508e-02 -5.5694e-02 -5.3880e-02 -5.2066e-02 -5.0252e-02 -4.8561e-02 -4.7246e-02 -4.5931e-02 -4.4616e-02 -4.3301e-02 -4.1986e-02 -4.0671e-02 -3.9356e-02 -3.8272e-02 -3.7343e-02 -3.6414e-02 -3.5485e-02 -3.4555e-02 -3.3626e-02 -3.2697e-02 -3.1768e-02 -3.0839e-02 -2.9909e-02 -2.9169e-02 -2.8535e-02 -2.7902e-02 -2.7268e-02 -2.6634e-02 -2.6000e-02 -2.5366e-02 -2.4733e-02 -2.4099e-02 -2.3465e-02 -2.2831e-02 -2.2197e-02 -2.1564e-02 -2.1079e-02 -2.0668e-02 -2.0256e-02 -1.9844e-02 -1.9432e-02 -1.9020e-02
-9.4736e-02 -9.0124e-02 -8.5700e-02 -8.1488e-02 -7.8204e-02 -7.4916e-02 -7.1625e-02 -6.8926e-02 -6.6475e-02 -6.4024e-02 -6.1571e-02 -5.9230e-02 -5.7420e-02 -5.5610e-02 -5.3800e-02 -5.1989e-02 -5.0178e-02 -4.8509e-02 -4.7196e-02 -4.5883e-02 -4.4570e-02 -4.3257e-02 -4.1943e-02 -4.0630e-02 -3.9316e-02 -3.8244e-02 -3.7316e-02 -3.6388e-02 -3.5459e-02 -3.4531e-02 -3.3602e-02 -3.2674e-02 -3.1745e-02 -3.0816e-02 -2.9888e-02 -2.9154e-02 -2.8521e-02 -2.7888e-02 -2.7254e-02 -2.6621e-02 -2.5987e-02 -2.5354e-02 -2.4720e-02 -2.4087e-02 -2.3453e-02 -2.2819e-02 -2.2186e-02 -2.1552e-02 -2.1072e-02 -2.0660e-02 -2.0249e-02 -1.9837e-02 -1.9425e-02 -1.9014e-02
-9.3513e-02 -8.9203e-02 -8.4863e-02 -8.0921e-02 -7.7681e-02 -7.4431e-02 -7.1173e-02 -6.8611e-02 -6.6179e-02 -6.3744e-02 -6.1307e-02 -5.9045e-02 -5.7244e-02 -5.5442e-02 -5.3639e-02 -5.1835e-02 -5.0030e-02 -4.8406e-02 -4.7097e-02 -4.5788e-02 -4.4478e-02 -4.3168e-02 -4.1857e-02 -4.0546e-02 -3.9235e-02 -3.8189e-02 -3.7262e-02 -3.6335e-02 -3.5408e-02 -3.4481e-02 -3.3554e-02 -3.2627e-02 -3.1699e-02 -3.0772e-02 -2.9844e-02 -2.9125e-02 -2.8493e-02 -2.7860e-02 -2.7227e-02 -2.6594e-02 -2.5961e-02 -2.5328e-02 -2.4695e-02 -2.4062e-02 -2.3429e-02 -2.2796e-02 -2.2163e-02 -2.1529e-02 -2.1058e-02 -2.0646e-02 -2.0235e-02 -1.9823e-02 -1.9412e-02 -1.9000e-02
-9.2026e-02 -8.7858e-02 -8.3636e-02 -8.0087e-02 -7.6910e-02 -7.3714e-02 -7.0540e-02 -6.8144e-02 -6.5739e-02 -6.3329e-02 -6.0913e-02 -5.8769e-02 -5.6981e-02 -5.5191e-02 -5.3399e-02 -5.1605e-02 -4.9810e-02 -4.8253e-02 -4.6949e-02 -4.5645e-02 -4.4340e-02 -4.3035e-02 -4.1728e-02 -4.0422e-02 -3.9114e-02 -3.8106e-02 -3.7182e-02 -3.6257e-02 -3.5332e-02 -3.4407e-02 -3.3482e-02 -3.2556e-02 -3.1630e-02 -3.0705e-02 -2.9778e-02 -2.9082e-02 -2.8450e-02 -2.7818e-02 -2.7186e-02 -2.6554e-02 -2.5922e-02 -2.5290e-02 -2.4657e-02 -2.4025e-02 -2.3393e-02 -2.2760e-02 -2.2128e-02 -2.1495e-02 -2.1036e-02 -2.0625e-02 -2.0214e-02 -1.9803e-02 -1.9391e-02 -1.8980e-02
-9.0124e-02 -8.6123e-02 -8.2063e-02 -7.9000e-02 -7.5902e-02 -7.2774e-02 -6.9886e-02 -6.7529e-02 -6.5160e-02 -6.2780e-02 -6.0393e-02 -5.8404e-02 -5.6634e-02 -5.4859e-02 -5.3082e-02 -5.1301e-02 -4.9517e-02 -4.8049e-02 -4.6753e-02 -4.5456e-02 -4.4157e-02 -4.2858e-02 -4.1557e-02 -4.0256e-02 -3.8954e-02 -3.7996e-02 -3.7075e-02 -3.6153e-02 -3.5231e-02 -3.4308e-02 -3.3386e-02 -3.2463e-02 -3.1539e-02 -3.0615e-02 -2.9691e-02 -2.9024e-02 -2.8393e-02 -2.7763e-02 -2.7132e-02 -2.6501e-02 -2.5870e-02 -2.5239e-02 -2.4607e-02 -2.3976e-02 -2.3345e-02 -2.2713e-02 -2.2081e-02 -2.1450e-02 -2.1007e-02 -2.0596e-02 -2.0186e-02 -1.9775e-02 -1.9364e-02 -1.8954e-02
-8.7858e-02 -8.4041e-02 -8.0641e-02 -7.7681e-02 -7.4673e-02 -7.1625e-02 -6.9084e-02 -6.6774e-02 -6.4446e-02 -6.2105e-02 -5.9751e-02 -5.7954e-02 -5.6204e-02 -5.4448e-02 -5.2688e-02 -5.0923e-02 -4.9154e-02 -4.7796e-02 -4.6509e-02 -4.5221e-02 -4.3930e-02 -4.2638e-02 -4.1345e-02 -4.0050e-02 -3.8775e-02 -3.7859e-02 -3.6941e-02 -3.6023e-02 -3.5105e-02 -3.4186e-02 -3.3266e-02 -3.2346e-02 -3.1425e-02 -3.0504e-02 -2.9583e-02 -2.8951e-02 -2.8322e-02 -2.7693e-02 -2.7064e-02 -2.6434e-02 -2.5805e-02 -2.5175e-02 -2.4545e-02 -2.3915e-02 -2.3284e-02 -2.2654e-02 -2.2023e-02 -2.1393e-02 -2.0970e-02 -2.0560e-02 -2.0150e-02 -1.9740e-02 -1.9330e-02 -1.8920e-02
-8.5280e-02 -8.1774e-02 -7.9000e-02 -7.6151e-02 -7.3242e-02 -7.0376e-02 -6.8144e-02 -6.5885e-02 -6.3605e-02 -6.1307e-02 -5.9137e-02 -5.7420e-02 -5.5694e-02 -5.3961e-02 -5.2221e-02 -5.0474e-02 -4.8767e-02 -4.7495e-02 -4.6219e-02 -4.4940e-02 -4.3659e-02 -4.2376e-02 -4.1091e-02 -3.9804e-02 -3.8607e-02 -3.7695e-02 -3.6782e-02 -3.5869e-02 -3.4954e-02 -3.4039e-02 -3.3123e-02 -3.2206e-02 -3.1289e-02 -3.0371e-02 -2.9491e-02 -2.8865e-02 -2.8238e-02 -2.7610e-02 -2.6983e-02 -2.6355e-02 -2.5727e-02 -2.5099e-02 -2.4470e-02 -2.3841e-02 -2.3212e-02 -2.2583e-02 -2.1954e-02 -2.1336e-02 -2.0927e-02 -2.0518e-02 -2.0108e-02 -1.9699e-02 -1.9290e-02 -1.8880e-02
-8.2437e-02 -7.9812e-02 -7.7165e-02 -7.4431e-02 -7.1625e-02 -6.9243e-02 -6.7074e-02 -6.4873e-02 -6.2644e-02 -6.0393e-02 -5.8495e-02 -5.6807e-02 -5.5108e-02 -5.3399e-02 -5.1682e-02 -4.9956e-02 -4.8406e-02 -4.7147e-02 -4.5883e-02 -4.4616e-02 -4.3346e-02 -4.2073e-02 -4.0797e-02 -3.9519e-02 -3.8411e-02 -3.7505e-02 -3.6597e-02 -3.5689e-02 -3.4779e-02 -3.3868e-02 -3.2957e-02 -3.2044e-02 -3.1131e-02 -3.0217e-02 -2.9388e-02 -2.8764e-02 -2.8139e-02 -2.7514e-02 -2.6889e-02 -2.6263e-02 -2.5636e-02 -2.5010e-02 -2.4383e-02 -2.3756e-02 -2.3129e-02 -2.2501e-02 -2.1873e-02 -2.1284e-02 -2.0876e-02 -2.0468e-02 -2.0060e-02 -1.9651e-02 -1.9242e-02 -1.8834e-02
-8.0087e-02 -7.7681e-02 -7.5160e-02 -7.2542e-02 -7.0049e-02 -6.7989e-02 -6.5885e-02 -6.3744e-02 -6.1571e-02 -5.9416e-02 -5.7775e-02 -5.6118e-02 -5.4448e-02 -5.2766e-02 -5.1074e-02 -4.9372e-02 -4.7998e-02 -4.6753e-02 -4.5503e-02 -4.4249e-02 -4.2990e-02 -4.1728e-02 -4.0463e-02 -3.9195e-02 -3.8189e-02 -3.7289e-02 -3.6388e-02 -3.5485e-02 -3.4580e-02 -3.3675e-02 -3.2768e-02 -3.1860e-02 -3.0951e-02 -3.0041e-02 -2.9271e-02 -2.8649e-02 -2.8027e-02 -2.7404e-02 -2.6781e-02 -2.6157e-02 -2.5533e-02 -2.4909e-02 -2.4284e-02 -2.3659e-02 -2.3033e-02 -2.2407e-02 -2.1781e-02 -2.1226e-02 -2.0818e-02 -2.0411e-02 -2.0004e-02 -1.9596e-02 -1.9188e-02 -1.8781e-02
-7.7681e-02 -7.5406e-02 -7.3007e-02 -7.0540e-02 -6.8611e-02 -6.6624e-02 -6.4588e-02 -6.2509e-02 -6.0393e-02 -5.8586e-02 -5.6981e-02 -5.5358e-02 -5.3719e-02 -5.2066e-02 -5.0400e-02 -4.8767e-02 -4.7545e-02 -4.6315e-02 -4.5080e-02 -4.3840e-02 -4.2594e-02 -4.1345e-02 -4.0091e-02 -3.8834e-02 -3.7941e-02 -3.7048e-02 -3.6153e-02 -3.5256e-02 -3.4358e-02 -3.3458e-02 -3.2556e-02 -3.1653e-02 -3.0749e-02 -2.9844e-02 -2.9140e-02 -2.8521e-02 -2.7902e-02 -2.7281e-02 -2.6661e-02 -2.6039e-02 -2.5418e-02 -2.4795e-02 -2.4173e-02 -2.3550e-02 -2.2926e-02 -2.2302e-02 -2.1678e-02 -2.1160e-02 -2.0754e-02 -2.0348e-02 -1.9941e-02 -1.9535e-02 -1.9128e-02 -1.8721e-02
-7.5160e-02 -7.3007e-02 -7.0726e-02 -6.8926e-02 -6.7074e-02 -6.5160e-02 -6.3191e-02 -6.1175e-02 -5.9230e-02 -5.7686e-02 -5.6118e-02 -5.4530e-02 -5.2924e-02 -5.1301e-02 -4.9663e-02 -4.8253e-02 -4.7048e-02 -4.5835e-02 -4.4616e-02 -4.3390e-02 -4.2159e-02 -4.0923e-02 -3.9681e-02 -3.8551e-02 -3.7668e-02 -3.6782e-02 -3.5894e-02 -3.5004e-02 -3.4112e-02 -3.3218e-02 -3.2323e-02 -3.1425e-02 -3.0526e-02 -2.9626e-02 -2.8995e-02 -2.8379e-02 -2.7763e-02 -2.7145e-02 -2.6527e-02 -2.5909e-02 -2.5290e-02 -2.4670e-02 -2.4050e-02 -2.3429e-02 -2.2808e-02 -2.2186e-02 -2.1564e-02 -2.1087e-02 -2.0682e-02 -2.0277e-02 -1.9872e-02 -1.9466e-02 -1.9061e-02 -1.8655e-02
-7.2542e-02 -7.0540e-02 -6.8926e-02 -6.7225e-02 -6.5448e-02 -6.3605e-02 -6.1704e-02 -5.9751e-02 -5.8223e-02 -5.6720e-02 -5.5191e-02 -5.3639e-02 -5.2066e-02 -5.0474e-02 -4.8871e-02 -4.7695e-02 -4.6509e-02 -4.5315e-02 -4.4112e-02 -4.2902e-02 -4.1686e-02 -4.0463e-02 -3.9235e-02 -3.8244e-02 -3.7370e-02 -3.6492e-02 -3.5612e-02 -3.4729e-02 -3.3844e-02 -3.2957e-02 -3.2067e-02 -3.1176e-02 -3.0283e-02 -2.9447e-02 -2.8836e-02 -2.8224e-02 -2.7610e-02 -2.6996e-02 -2.6381e-02 -2.5766e-02 -2.5149e-02 -2.4532e-02 -2.3915e-02 -2.3296e-02 -2.2678e-02 -2.2058e-02 -2.1438e-02 -2.1007e-02 -2.0603e-02 -2.0200e-02 -1.9796e-02 -1.9391e-02 -1.8987e-02 -1.8582e-02
-7.0049e-02 -6.8611e-02 -6.7074e-02 -6.5448e-02 -6.3744e-02 -6.1971e-02 -6.0135e-02 -5.8586e-02 -5.7156e-02 -5.5694e-02 -5.4204e-02 -5.2688e-02 -5.1149e-02 -4.9590e-02 -4.8253e-02 -4.7097e-02 -4.5931e-02 -4.4755e-02 -4.3570e-02 -4.2376e-02 -4.1175e-02 -3.9968e-02 -3.8775e-02 -3.7914e-02 -3.7048e-02 -3.6179e-02 -3.5307e-02 -3.4432e-02 -3.3554e-02 -3.2674e-02 -3.1791e-02 -3.0906e-02 -3.0019e-02 -2.9271e-02 -2.8664e-02 -2.8055e-02 -2.7445e-02 -2.6835e-02 -2.6223e-02 -2.5611e-02 -2.4997e-02 -2.4383e-02 -2.3768e-02 -2.3153e-02 -2.2536e-02 -2.1919e-02 -2.1321e-02 -2.0920e-02 -2.0518e-02 -2.0115e-02 -1.9713e-02 -1.9310e-02 -1.8907e-02 -1.8503e-02
-6.7989e-02 -6.6624e-02 -6.5160e-02 -6.3605e-02 -6.1971e-02 -6.0264e-02 -5.8769e-02 -5.7420e-02 -5.6033e-02 -5.4612e-02 -5.3161e-02 -5.1682e-02 -5.0178e-02 -4.8716e-02 -4.7595e-02 -4.6461e-02 -4.5315e-02 -4.4157e-02 -4.2990e-02 -4.1814e-02 -4.0630e-02 -3.9437e-02 -3.8411e-02 -3.7559e-02 -3.6703e-02 -3.5843e-02 -3.4979e-02 -3.4112e-02 -3.3242e-02 -3.2369e-02 -3.1494e-02 -3.0615e-02 -2.9735e-02 -2.9082e-02 -2.8478e-02 -2.7874e-02 -2.7268e-02 -2.6661e-02 -2.6052e-02 -2.5443e-02 -2.4833e-02 -2.4222e-02 -2.3610e-02 -2.2998e-02 -2.2384e-02 -2.1770e-02 -2.1226e-02 -2.0826e-02 -2.0425e-02 -2.0025e-02 -1.9624e-02 -1.9222e-02 -1.8820e-02 -1.8418e-02
-6.5885e-02 -6.4588e-02 -6.3191e-02 -6.1704e-02 -6.0135e-02 -5.8769e-02 -5.7508e-02 -5.6204e-02 -5.4859e-02 -5.3479e-02 -5.2066e-02 -5.0623e-02 -4.9154e-02 -4.7998e-02 -4.6900e-02 -4.5788e-02 -4.4662e-02 -4.3525e-02 -4.2376e-02 -4.1218e-02 -4.0050e-02 -3.8874e-02 -3.8023e-02 -3.7182e-02 -3.6335e-02 -3.5485e-02 -3.4630e-02 -3.3771e-02 -3.2909e-02 -3.2044e-02 -3.1176e-02 -3.0305e-02 -2.9477e-02 -2.8879e-02 -2.8280e-02 -2.7679e-02 -2.7078e-02 -2.6474e-02 -2.5870e-02 -2.5264e-02 -2.4657e-02 -2.4050e-02 -2.3441e-02 -2.2831e-02 -2.2221e-02 -2.1609e-02 -2.1123e-02 -2.0725e-02 -2.0326e-02 -1.9927e-02 -1.9528e-02 -1.9128e-02 -1.8728e-02 -1.8327e-02
-6.3744e-02 -6.2509e-02 -6.1175e-02 -5.9751e-02 -5.8586e-02 -5.7420e-02 -5.6204e-02 -5.4942e-02 -5.3639e-02 -5.2298e-02 -5.0923e-02 -4.9517e-02 -4.8304e-02 -4.7246e-02 -4.6171e-02 -4.5080e-02 -4.3976e-02 -4.2858e-02 -4.1728e-02 -4.0588e-02 -3.9437e-02 -3.8439e-02 -3.7613e-02 -3.6782e-02 -3.5946e-02 -3.5105e-02 -3.4259e-02 -3.3410e-02 -3.2556e-02 -3.1699e-02 -3.0839e-02 -2.9975e-02 -2.9257e-02 -2.8664e-02 -2.8069e-02 -2.7473e-02 -2.6875e-02 -2.6276e-02 -2.5675e-02 -2.5073e-02 -2.4470e-02 -2.3866e-02 -2.3260e-02 -2.2654e-02 -2.2047e-02 -2.1438e-02 -2.1014e-02 -2.0618e-02 -2.0221e-02 -1.9823e-02 -1.9425e-02 -1.9027e-02 -1.8628e-02 -1.8229e-02
-6.1571e-02 -6.0393e-02 -5.9230e-02 -5.8223e-02 -5.7156e-02 -5.6033e-02 -5.4859e-02 -5.3639e-02 -5.2376e-02 -5.1074e-02 -4.9736e-02 -4.8509e-02 -4.7495e-02 -4.6461e-02 -4.5409e-02 -4.4340e-02 -4.3257e-02 -4.2159e-02 -4.1049e-02 -3.9927e-02 -3.8804e-02 -3.7996e-02 -3.7182e-02 -3.6361e-02 -3.5536e-02 -3.4704e-02 -3.3868e-02 -3.3028e-02 -3.2183e-02 -3.1334e-02 -3.0482e-02 -2.9626e-02 -2.9024e-02 -2.8436e-02 -2.7846e-02 -2.7254e-02 -2.6661e-02 -2.6066e-02 -2.5469e-02 -2.4871e-02 -2.4272e-02 -2.3671e-02 -2.3069e-02 -2.2466e-02 -2.1862e-02 -2.1292e-02 -2.0898e-02 -2.0503e-02 -2.0108e-02 -1.9713e-02 -1.9317e-02 -1.8920e-02 -1.8523e-02 -1.8126e-02
-5.9416e-02 -5.8586e-02 -5.7686e-02 -5.6720e-02 -5.5694e-02 -5.4612e-02 -5.3479e-02 -5.2298e-02 -5.1074e-02 -4.9810e-02 -4.8612e-02 -4.7645e-02 -4.6655e-02 -4.5645e-02 -4.4616e-02 -4.3570e-02 -4.2507e-02 -4.1430e-02 -4.0339e-02 -3.9235e-02 -3.8328e-02 -3.7532e-02 -3.6729e-02 -3.5920e-02 -3.5105e-02 -3.4284e-02 -3.3458e-02 -3.2627e-02 -3.1791e-02 -3.0951e-02 -3.0107e-02 -2.9359e-02 -2.8778e-02 -2.8196e-02 -2.7610e-02 -2.7023e-02 -2.6434e-02 -2.5844e-02 -2.5251e-02 -2.4657e-02 -2.4062e-02 -2.3465e-02 -2.2867e-02 -2.2267e-02 -2.1667e-02 -2.1167e-02 -2.0775e-02 -2.0383e-02 -1.9990e-02 -1.9596e-02 -1.9202e-02 -1.8807e-02 -1.8412e-02 -1.8016e-02
-5.7775e-02 -5.6981e-02 -5.6118e-02 -5.5191e-02 -5.4204e-02 -5.3161e-02 -5.2066e-02 -5.0923e-02 -4.9736e-02 -4.8612e-02 -4.7695e-02 -4.6753e-02 -4.5788e-02 -4.4801e-02 -4.3795e-02 -4.2770e-02 -4.1728e-02 -4.0671e-02 -3.9600e-02 -3.8607e-02 -3.7831e-02 -3.7048e-02 -3.6257e-02 -3.5459e-02 -3.4655e-02 -3.3844e-02 -3.3028e-02 -3.2206e-02 -3.1380e-02 -3.0549e-02 -2.9713e-02 -2.9096e-02 -2.8521e-02 -2.7943e-02 -2.7363e-02 -2.6781e-02 -2.6197e-02 -2.5611e-02 -2.5023e-02 -2.4433e-02 -2.3841e-02 -2.3248e-02 -2.2654e-02 -2.2058e-02 -2.1461e-02 -2.1036e-02 -2.0646e-02 -2.0256e-02 -1.9865e-02 -1.9473e-02 -1.9081e-02 -1.8688e-02 -1.8294e-02 -1.7900e-02
-5.6118e-02 -5.5358e-02 -5.4530e-02 -5.3639e-02 -5.2688e-02 -5.1682e-02 -5.0623e-02 -4.9517e-02 -4.8509e-02 -4.7645e-02 -4.6753e-02 -4.5835e-02 -4.4894e-02 -4.3930e-02 -4.2946e-02 -4.1943e-02 -4.0923e-02 -3.9886e-02 -3.8834e-02 -3.8079e-02 -3.7316e-02 -3.6545e-02 -3.5766e-02 -3.4979e-02 -3.4186e-02 -3.3386e-02 -3.2580e-02 -3.1768e-02 -3.0951e-02 -3.0129e-02 -2.9388e-02 -2.8822e-02 -2.8252e-02 -2.7679e-02 -2.7105e-02 -2.6527e-02 -2.5948e-02 -2.5366e-02 -2.4783e-02 -2.4197e-02 -2.3610e-02 -2.3021e-02 -2.2431e-02 -2.1839e-02 -2.1284e-02 -2.0898e-02 -2.0511e-02 -2.0122e-02 -1.9734e-02 -1.9344e-02 -1.8954e-02 -1.8563e-02 -1.8171e-02 -1.7779e-02
