Openearthtool/python/applications/wps/zeelandModelling/onttrekkingtool_zeeland/ascigrid.asc
NCOLS	200
NROWS	200
XLLCORNER	22532
YLLCORNER	394391
CELLSIZE	5
NODATA_VALUE	-9999
[rows 144 to 167 of 200, columns 54 to 107 of 200]
-1.8139e-02 -1.8431e-02 -1.8721e-02 -1.9007e-02 -1.9290e-02 -1.9569e-02 -1.9844e-02 -2.0115e-02 -2.0383e-02 -2.0646e-02 -2.0905e-02 -2.1160e-02 -2.1438e-02 -2.1816e-02 -2.2186e-02 -2.2548e-02 -2.2902e-02 -2.3248e-02 -2.3586e-02 -2.3915e-02 -2.4234e-02 -2.4545e-02 -2.4846e-02 -2.5137e-02 -2.5418e-02 -2.5688e-02 -2.5948e-02 -2.6197e-02 -2.6434e-02 -2.6661e-02 -2.6875e-02 -2.7078e-02 -2.7268e-02 -2.7445e-02 -2.7610e-02 -2.7763e-02 -2.7902e-02 -2.8027e-02 -2.8139e-02 -2.8238e-02 -2.8322e-02 -2.8393e-02 -2.8450e-02 -2.8493e-02 -2.8521e-02 -2.8535e-02 -2.8535e-02 -2.8521e-02 -2.8493e-02 -2.8450e-02 -2.8393e-02 -2.8322e-02 -2.8238e-02 -2.8139e-02
-1.7849e-02 -1.8139e-02 -1.8425e-02 -1.8708e-02 -1.8987e-02 -1.9263e-02 -1.9535e-02 -1.9803e-02 -2.0067e-02 -2.0326e-02 -2.0582e-02 -2.0833e-02 -2.1079e-02 -2.1321e-02 -2.1667e-02 -2.2023e-02 -2.2372e-02 -2.2713e-02 -2.3045e-02 -2.3369e-02 -2.3683e-02 -2.3988e-02 -2.4284e-02 -2.4570e-02 -2.4846e-02 -2.5111e-02 -2.5366e-02 -2.5611e-02 -2.5844e-02 -2.6066e-02 -2.6276e-02 -2.6474e-02 -2.6661e-02 -2.6835e-02 -2.6996e-02 -2.7145e-02 -2.7281e-02 -2.7404e-02 -2.7514e-02 -2.7610e-02 -2.7693e-02 -2.7763e-02 -2.7818e-02 -2.7860e-02 -2.7888e-02 -2.7902e-02 -2.7902e-02 -2.7888e-02 -2.7860e-02 -2.7818e-02 -2.7763e-02 -2.7693e-02 -2.7610e-02 -2.7514e-02
-1.7556e-02 -1.7843e-02 -1.8126e-02 -1.8405e-02 -1.8681e-02 -1.8954e-02 -1.9222e-02 -1.9487e-02 -1.9747e-02 -2.0004e-02 -2.0256e-02 -2.0503e-02 -2.0747e-02 -2.0985e-02 -2.1218e-02 -2.1495e-02 -2.1839e-02 -2.2174e-02 -2.2501e-02 -2.2819e-02 -2.3129e-02 -2.3429e-02 -2.3720e-02 -2.4001e-02 -2.4272e-02 -2.4532e-02 -2.4783e-02 -2.5023e-02 -2.5251e-02 -2.5469e-02 -2.5675e-02 -2.5870e-02 -2.6052e-02 -2.6223e-02 -2.6381e-02 -2.6527e-02 -2.6661e-02 -2.6781e-02 -2.6889e-02 -2.6983e-02 -2.7064e-02 -2.7132e-02 -2.7186e-02 -2.7227e-02 -2.7254e-02 -2.7268e-02 -2.7268e-02 -2.7254e-02 -2.7227e-02 -2.7186e-02 -2.7132e-02 -2.7064e-02 -2.6983e-02 -2.6889e-02
-1.7260e-02 -1.7544e-02 -1.7823e-02 -1.8100e-02 -1.8373e-02 -1.8642e-02 -1.8907e-02 -1.9168e-02 -1.9425e-02 -1.9679e-02 -1.9927e-02 -2.0172e-02 -2.0411e-02 -2.0646e-02 -2.0876e-02 -2.1101e-02 -2.1321e-02 -2.1632e-02 -2.1954e-02 -2.2267e-02 -2.2572e-02 -2.2867e-02 -2.3153e-02 -2.3429e-02 -2.3695e-02 -2.3951e-02 -2.4197e-02 -2.4433e-02 -2.4657e-02 -2.4871e-02 -2.5073e-02 -2.5264e-02 -2.5443e-02 -2.5611e-02 -2.5766e-02 -2.5909e-02 -2.6039e-02 -2.6157e-02 -2.6263e-02 -2.6355e-02 -2.6434e-02 -2.6501e-02 -2.6554e-02 -2.6594e-02 -2.6621e-02 -2.6634e-02 -2.6634e-02 -2.6621e-02 -2.6594e-02 -2.6554e-02 -2.6501e-02 -2.6434e-02 -2.6355e-02 -2.6263e-02
-1.6962e-02 -1.7242e-02 -1.7518e-02 -1.7792e-02 -1.8061e-02 -1.8327e-02 -1.8589e-02 -1.8847e-02 -1.9101e-02 -1.9351e-02 -1.9596e-02 -1.9837e-02 -2.0074e-02 -2.0305e-02 -2.0532e-02 -2.0754e-02 -2.0970e-02 -2.1182e-02 -2.1404e-02 -2.1712e-02 -2.2012e-02 -2.2302e-02 -2.2583e-02 -2.2855e-02 -2.3117e-02 -2.3369e-02 -2.3610e-02 -2.3841e-02 -2.4062e-02 -2.4272e-02 -2.4470e-02 -2.4657e-02 -2.4833e-02 -2.4997e-02 -2.5149e-02 -2.5290e-02 -2.5418e-02 -2.5533e-02 -2.5636e-02 -2.5727e-02 -2.5805e-02 -2.5870e-02 -2.5922e-02 -2.5961e-02 -2.5987e-02 -2.6000e-02 -2.6000e-02 -2.5987e-02 -2.5961e-02 -2.5922e-02 -2.5870e-02 -2.5805e-02 -2.5727e-02 -2.5636e-02
-1.6660e-02 -1.6937e-02 -1.7210e-02 -1.7480e-02 -1.7747e-02 -1.8010e-02 -1.8268e-02 -1.8523e-02 -1.8774e-02 -1.9020e-02 -1.9263e-02 -1.9500e-02 -1.9734e-02 -1.9962e-02 -2.0186e-02 -2.0404e-02 -2.0618e-02 -2.0826e-02 -2.1028e-02 -2.1226e-02 -2.1450e-02 -2.1735e-02 -2.2012e-02 -2.2279e-02 -2.2536e-02 -2.2784e-02 -2.3021e-02 -2.3248e-02 -2.3465e-02 -2.3671e-02 -2.3866e-02 -2.4050e-02 -2.4222e-02 -2.4383e-02 -2.4532e-02 -2.4670e-02 -2.4795e-02 -2.4909e-02 -2.5010e-02 -2.5099e-02 -2.5175e-02 -2.5239e-02 -2.5290e-02 -2.5328e-02 -2.5354e-02 -2.5366e-02 -2.5366e-02 -2.5354e-02 -2.5328e-02 -2.5290e-02 -2.5239e-02 -2.5175e-02 -2.5099e-02 -2.5010e-02
-1.6355e-02 -1.6629e-02 -1.6900e-02 -1.7167e-02 -1.7430e-02 -1.7690e-02 -1.7945e-02 -1.8197e-02 -1.8445e-02 -1.8688e-02 -1.8927e-02 -1.9161e-02 -1.9391e-02 -1.9617e-02 -1.9837e-02 -2.0053e-02 -2.0263e-02 -2.0468e-02 -2.0668e-02 -2.0862e-02 -2.1050e-02 -2.1233e-02 -2.1438e-02 -2.1701e-02 -2.1954e-02 -2.2197e-02 -2.2431e-02 -2.2654e-02 -2.2867e-02 -2.3069e-02 -2.3260e-02 -2.3441e-02 -2.3610e-02 -2.3768e-02 -2.3915e-02 -2.4050e-02 -2.4173e-02 -2.4284e-02 -2.4383e-02 -2.4470e-02 -2.4545e-02 -2.4607e-02 -2.4657e-02 -2.4695e-02 -2.4720e-02 -2.4733e-02 -2.4733e-02 -2.4720e-02 -2.4695e-02 -2.4657e-02 -2.4607e-02 -2.4545e-02 -2.4470e-02 -2.4383e-02
-1.6048e-02 -1.6319e-02 -1.6586e-02 -1.6850e-02 -1.7111e-02 -1.7367e-02 -1.7620e-02 -1.7868e-02 -1.8113e-02 -1.8353e-02 -1.8589e-02 -1.8820e-02 -1.9047e-02 -1.9269e-02 -1.9487e-02 -1.9699e-02 -1.9906e-02 -2.0108e-02 -2.0305e-02 -2.0496e-02 -2.0682e-02 -2.0862e-02 -2.1036e-02 -2.1204e-02 -2.1370e-02 -2.1609e-02 -2.1839e-02 -2.2058e-02 -2.2267e-02 -2.2466e-02 -2.2654e-02 -2.2831e-02 -2.2998e-02 -2.3153e-02 -2.3296e-02 -2.3429e-02 -2.3550e-02 -2.3659e-02 -2.3756e-02 -2.3841e-02 -2.3915e-02 -2.3976e-02 -2.4025e-02 -2.4062e-02 -2.4087e-02 -2.4099e-02 -2.4099e-02 -2.4087e-02 -2.4062e-02 -2.4025e-02 -2.3976e-02 -2.3915e-02 -2.3841e-02 -2.3756e-02
-1.5738e-02 -1.6006e-02 -1.6271e-02 -1.6531e-02 -1.6789e-02 -1.7042e-02 -1.7292e-02 -1.7537e-02 -1.7779e-02 -1.8016e-02 -1.8249e-02 -1.8477e-02 -1.8701e-02 -1.8920e-02 -1.9135e-02 -1.9344e-02 -1.9548e-02 -1.9747e-02 -1.9941e-02 -2.0129e-02 -2.0312e-02 -2.0489e-02 -2.0660e-02 -2.0826e-02 -2.0985e-02 -2.1138e-02 -2.1284e-02 -2.1461e-02 -2.1667e-02 -2.1862e-02 -2.2047e-02 -2.2221e-02 -2.2384e-02 -2.2536e-02 -2.2678e-02 -2.2808e-02 -2.2926e-02 -2.3033e-02 -2.3129e-02 -2.3212e-02 -2.3284e-02 -2.3345e-02 -2.3393e-02 -2.3429e-02 -2.3453e-02 -2.3465e-02 -2.3465e-02 -2.3453e-02 -2.3429e-02 -2.3393e-02 -2.3345e-02 -2.3284e-02 -2.3212e-02 -2.3129e-02
-1.5426e-02 -1.5691e-02 -1.5952e-02 -1.6210e-02 -1.6464e-02 -1.6715e-02 -1.6962e-02 -1.7204e-02 -1.7443e-02 -1.7677e-02 -1.7907e-02 -1.8132e-02 -1.8353e-02 -1.8569e-02 -1.8781e-02 -1.8987e-02 -1.9188e-02 -1.9385e-02 -1.9576e-02 -1.9761e-02 -1.9941e-02 -2.0115e-02 -2.0284e-02 -2.0447e-02 -2.0603e-02 -2.0754e-02 -2.0898e-02 -2.1036e-02 -2.1167e-02 -2.1292e-02 -2.1438e-02 -2.1609e-02 -2.1770e-02 -2.1919e-02 -2.2058e-02 -2.2186e-02 -2.2302e-02 -2.2407e-02 -2.2501e-02 -2.2583e-02 -2.2654e-02 -2.2713e-02 -2.2760e-02 -2.2796e-02 -2.2819e-02 -2.2831e-02 -2.2831e-02 -2.2819e-02 -2.2796e-02 -2.2760e-02 -2.2713e-02 -2.2654e-02 -2.2583e-02 -2.2501e-02
-1.5111e-02 -1.5373e-02 -1.5632e-02 -1.5887e-02 -1.6138e-02 -1.6386e-02 -1.6629e-02 -1.6869e-02 -1.7104e-02 -1.7336e-02 -1.7563e-02 -1.7785e-02 -1.8003e-02 -1.8216e-02 -1.8425e-02 -1.8628e-02 -1.8827e-02 -1.9020e-02 -1.9209e-02 -1.9391e-02 -1.9569e-02 -1.9740e-02 -1.9906e-02 -2.0067e-02 -2.0221e-02 -2.0369e-02 -2.0511e-02 -2.0646e-02 -2.0775e-02 -2.0898e-02 -2.1014e-02 -2.1123e-02 -2.1226e-02 -2.1321e-02 -2.1438e-02 -2.1564e-02 -2.1678e-02 -2.1781e-02 -2.1873e-02 -2.1954e-02 -2.2023e-02 -2.2081e-02 -2.2128e-02 -2.2163e-02 -2.2186e-02 -2.2197e-02 -2.2197e-02 -2.2186e-02 -2.2163e-02 -2.2128e-02 -2.2081e-02 -2.2023e-02 -2.1954e-02 -2.1873e-02
-1.4793e-02 -1.5053e-02 -1.5309e-02 -1.5561e-02 -1.5809e-02 -1.6054e-02 -1.6295e-02 -1.6531e-02 -1.6764e-02 -1.6993e-02 -1.7217e-02 -1.7436e-02 -1.7651e-02 -1.7862e-02 -1.8068e-02 -1.8268e-02 -1.8464e-02 -1.8655e-02 -1.8840e-02 -1.9020e-02 -1.9195e-02 -1.9364e-02 -1.9528e-02 -1.9685e-02 -1.9837e-02 -1.9983e-02 -2.0122e-02 -2.0256e-02 -2.0383e-02 -2.0503e-02 -2.0618e-02 -2.0725e-02 -2.0826e-02 -2.0920e-02 -2.1007e-02 -2.1087e-02 -2.1160e-02 -2.1226e-02 -2.1284e-02 -2.1336e-02 -2.1393e-02 -2.1450e-02 -2.1495e-02 -2.1529e-02 -2.1552e-02 -2.1564e-02 -2.1564e-02 -2.1552e-02 -2.1529e-02 -2.1495e-02 -2.1450e-02 -2.1393e-02 -2.1336e-02 -2.1284e-02
-1.4474e-02 -1.4730e-02 -1.4983e-02 -1.5233e-02 -1.5478e-02 -1.5720e-02 -1.5958e-02 -1.6192e-02 -1.6422e-02 -1.6648e-02 -1.6869e-02 -1.7086e-02 -1.7298e-02 -1.7506e-02 -1.7709e-02 -1.7907e-02 -1.8100e-02 -1.8288e-02 -1.8471e-02 -1.8648e-02 -1.8820e-02 -1.8987e-02 -1.9148e-02 -1.9303e-02 -1.9453e-02 -1.9596e-02 -1.9734e-02 -1.9865e-02 -1.9990e-02 -2.0108e-02 -2.0221e-02 -2.0326e-02 -2.0425e-02 -2.0518e-02 -2.0603e-02 -2.0682e-02 -2.0754e-02 -2.0818e-02 -2.0876e-02 -2.0927e-02 -2.0970e-02 -2.1007e-02 -2.1036e-02 -2.1058e-02 -2.1072e-02 -2.1079e-02 -2.1079e-02 -2.1072e-02 -2.1058e-02 -2.1036e-02 -2.1007e-02 -2.0970e-02 -2.0927e-02 -2.0876e-02
-1.4251e-02 -1.4406e-02 -1.4656e-02 -1.4903e-02 -1.5145e-02 -1.5385e-02 -1.5620e-02 -1.5851e-02 -1.6078e-02 -1.6301e-02 -1.6519e-02 -1.6733e-02 -1.6943e-02 -1.7148e-02 -1.7348e-02 -1.7544e-02 -1.7734e-02 -1.7920e-02 -1.8100e-02 -1.8275e-02 -1.8445e-02 -1.8609e-02 -1.8767e-02 -1.8920e-02 -1.9067e-02 -1.9209e-02 -1.9344e-02 -1.9473e-02 -1.9596e-02 -1.9713e-02 -1.9823e-02 -1.9927e-02 -2.0025e-02 -2.0115e-02 -2.0200e-02 -2.0277e-02 -2.0348e-02 -2.0411e-02 -2.0468e-02 -2.0518e-02 -2.0560e-02 -2.0596e-02 -2.0625e-02 -2.0646e-02 -2.0660e-02 -2.0668e-02 -2.0668e-02 -2.0660e-02 -2.0646e-02 -2.0625e-02 -2.0596e-02 -2.0560e-02 -2.0518e-02 -2.0468e-02
-1.4054e-02 -1.4207e-02 -1.4357e-02 -1.4570e-02 -1.4811e-02 -1.5047e-02 -1.5279e-02 -1.5508e-02 -1.5732e-02 -1.5952e-02 -1.6168e-02 -1.6379e-02 -1.6586e-02 -1.6789e-02 -1.6986e-02 -1.7179e-02 -1.7367e-02 -1.7550e-02 -1.7728e-02 -1.7900e-02 -1.8068e-02 -1.8229e-02 -1.8386e-02 -1.8536e-02 -1.8681e-02 -1.8820e-02 -1.8954e-02 -1.9081e-02 -1.9202e-02 -1.9317e-02 -1.9425e-02 -1.9528e-02 -1.9624e-02 -1.9713e-02 -1.9796e-02 -1.9872e-02 -1.9941e-02 -2.0004e-02 -2.0060e-02 -2.0108e-02 -2.0150e-02 -2.0186e-02 -2.0214e-02 -2.0235e-02 -2.0249e-02 -2.0256e-02 -2.0256e-02 -2.0249e-02 -2.0235e-02 -2.0214e-02 -2.0186e-02 -2.0150e-02 -2.0108e-02 -2.0060e-02
-1.3856e-02 -1.4007e-02 -1.4156e-02 -1.4303e-02 -1.4474e-02 -1.4707e-02 -1.4937e-02 -1.5163e-02 -1.5385e-02 -1.5602e-02 -1.5815e-02 -1.6024e-02 -1.6228e-02 -1.6428e-02 -1.6623e-02 -1.6813e-02 -1.6999e-02 -1.7179e-02 -1.7354e-02 -1.7525e-02 -1.7690e-02 -1.7849e-02 -1.8003e-02 -1.8152e-02 -1.8294e-02 -1.8431e-02 -1.8563e-02 -1.8688e-02 -1.8807e-02 -1.8920e-02 -1.9027e-02 -1.9128e-02 -1.9222e-02 -1.9310e-02 -1.9391e-02 -1.9466e-02 -1.9535e-02 -1.9596e-02 -1.9651e-02 -1.9699e-02 -1.9740e-02 -1.9775e-02 -1.9803e-02 -1.9823e-02 -1.9837e-02 -1.9844e-02 -1.9844e-02 -1.9837e-02 -1.9823e-02 -1.9803e-02 -1.9775e-02 -1.9740e-02 -1.9699e-02 -1.9651e-02
-1.3656e-02 -1.3806e-02 -1.3953e-02 -1.4098e-02 -1.4241e-02 -1.4382e-02 -1.4593e-02 -1.4816e-02 -1.5035e-02 -1.5250e-02 -1.5461e-02 -1.5667e-02 -1.5869e-02 -1.6066e-02 -1.6258e-02 -1.6446e-02 -1.6629e-02 -1.6807e-02 -1.6980e-02 -1.7148e-02 -1.7311e-02 -1.7468e-02 -1.7620e-02 -1.7766e-02 -1.7907e-02 -1.8042e-02 -1.8171e-02 -1.8294e-02 -1.8412e-02 -1.8523e-02 -1.8628e-02 -1.8728e-02 -1.8820e-02 -1.8907e-02 -1.8987e-02 -1.9061e-02 -1.9128e-02 -1.9188e-02 -1.9242e-02 -1.9290e-02 -1.9330e-02 -1.9364e-02 -1.9391e-02 -1.9412e-02 -1.9425e-02 -1.9432e-02 -1.9432e-02 -1.9425e-02 -1.9412e-02 -1.9391e-02 -1.9364e-02 -1.9330e-02 -1.9290e-02 -1.9242e-02
-1.3456e-02 -1.3604e-02 -1.3749e-02 -1.3893e-02 -1.4034e-02 -1.4173e-02 -1.4309e-02 -1.4468e-02 -1.4685e-02 -1.4897e-02 -1.5105e-02 -1.5309e-02 -1.5508e-02 -1.5702e-02 -1.5893e-02 -1.6078e-02 -1.6258e-02 -1.6434e-02 -1.6605e-02 -1.6770e-02 -1.6931e-02 -1.7086e-02 -1.7235e-02 -1.7380e-02 -1.7518e-02 -1.7651e-02 -1.7779e-02 -1.7900e-02 -1.8016e-02 -1.8126e-02 -1.8229e-02 -1.8327e-02 -1.8418e-02 -1.8503e-02 -1.8582e-02 -1.8655e-02 -1.8721e-02 -1.8781e-02 -1.8834e-02 -1.8880e-02 -1.8920e-02 -1.8954e-02 -1.8980e-02 -1.9000e-02 -1.9014e-02 -1.9020e-02 -1.9020e-02 -1.9014e-02 -1.9000e-02 -1.8980e-02 -1.8954e-02 -1.8920e-02 -1.8880e-02 -1.8834e-02
-1.3254e-02 -1.3400e-02 -1.3544e-02 -1.3686e-02 -1.3826e-02 -1.3963e-02 -1.4098e-02 -1.4231e-02 -1.4361e-02 -1.4542e-02 -1.4748e-02 -1.4949e-02 -1.5145e-02 -1.5338e-02 -1.5525e-02 -1.5708e-02 -1.5887e-02 -1.6060e-02 -1.6228e-02 -1.6392e-02 -1.6550e-02 -1.6703e-02 -1.6850e-02 -1.6993e-02 -1.7129e-02 -1.7260e-02 -1.7386e-02 -1.7506e-02 -1.7620e-02 -1.7728e-02 -1.7830e-02 -1.7926e-02 -1.8016e-02 -1.8100e-02 -1.8177e-02 -1.8249e-02 -1.8314e-02 -1.8373e-02 -1.8425e-02 -1.8471e-02 -1.8510e-02 -1.8543e-02 -1.8569e-02 -1.8589e-02 -1.8602e-02 -1.8609e-02 -1.8609e-02 -1.8602e-02 -1.8589e-02 -1.8569e-02 -1.8543e-02 -1.8510e-02 -1.8471e-02 -1.8425e-02
-1.3051e-02 -1.3196e-02 -1.3338e-02 -1.3479e-02 -1.3617e-02 -1.3753e-02 -1.3886e-02 -1.4017e-02 -1.4146e-02 -1.4272e-02 -1.4395e-02 -1.4588e-02 -1.4782e-02 -1.4972e-02 -1.5157e-02 -1.5338e-02 -1.5514e-02 -1.5685e-02 -1.5851e-02 -1.6012e-02 -1.6168e-02 -1.6319e-02 -1.6464e-02 -1.6605e-02 -1.6740e-02 -1.6869e-02 -1.6993e-02 -1.7111e-02 -1.7223e-02 -1.7329e-02 -1.7430e-02 -1.7525e-02 -1.7613e-02 -1.7696e-02 -1.7772e-02 -1.7843e-02 -1.7907e-02 -1.7964e-02 -1.8016e-02 -1.8061e-02 -1.8100e-02 -1.8132e-02 -1.8158e-02 -1.8177e-02 -1.8190e-02 -1.8197e-02 -1.8197e-02 -1.8190e-02 -1.8177e-02 -1.8158e-02 -1.8132e-02 -1.8100e-02 -1.8061e-02 -1.8016e-02
-1.2847e-02 -1.2990e-02 -1.3131e-02 -1.3270e-02 -1.3407e-02 -1.3541e-02 -1.3673e-02 -1.3803e-02 -1.3930e-02 -1.4054e-02 -1.4176e-02 -1.4296e-02 -1.4417e-02 -1.4605e-02 -1.4788e-02 -1.4966e-02 -1.5140e-02 -1.5309e-02 -1.5473e-02 -1.5632e-02 -1.5785e-02 -1.5934e-02 -1.6078e-02 -1.6216e-02 -1.6349e-02 -1.6477e-02 -1.6599e-02 -1.6715e-02 -1.6826e-02 -1.6931e-02 -1.7030e-02 -1.7123e-02 -1.7210e-02 -1.7292e-02 -1.7367e-02 -1.7436e-02 -1.7499e-02 -1.7556e-02 -1.7607e-02 -1.7651e-02 -1.7690e-02 -1.7721e-02 -1.7747e-02 -1.7766e-02 -1.7779e-02 -1.7785e-02 -1.7785e-02 -1.7779e-02 -1.7766e-02 -1.7747e-02 -1.7721e-02 -1.7690e-02 -1.7651e-02 -1.7607e-02
-1.2642e-02 -1.2783e-02 -1.2923e-02 -1.3060e-02 -1.3196e-02 -1.3328e-02 -1.3459e-02 -1.3587e-02 -1.3713e-02 -1.3836e-02 -1.3957e-02 -1.4075e-02 -1.4190e-02 -1.4303e-02 -1.4417e-02 -1.4593e-02 -1.4765e-02 -1.4931e-02 -1.5093e-02 -1.5250e-02 -1.5402e-02 -1.5549e-02 -1.5691e-02 -1.5827e-02 -1.5958e-02 -1.6084e-02 -1.6204e-02 -1.6319e-02 -1.6428e-02 -1.6531e-02 -1.6629e-02 -1.6721e-02 -1.6807e-02 -1.6887e-02 -1.6962e-02 -1.7030e-02 -1.7092e-02 -1.7148e-02 -1.7198e-02 -1.7242e-02 -1.7279e-02 -1.7311e-02 -1.7336e-02 -1.7354e-02 -1.7367e-02 -1.7373e-02 -1.7373e-02 -1.7367e-02 -1.7354e-02 -1.7336e-02 -1.7311e-02 -1.7279e-02 -1.7242e-02 -1.7198e-02
-1.2435e-02 -1.2576e-02 -1.2714e-02 -1.2850e-02 -1.2984e-02 -1.3115e-02 -1.3244e-02 -1.3371e-02 -1.3495e-02 -1.3617e-02 -1.3736e-02 -1.3853e-02 -1.3967e-02 -1.4078e-02 -1.4187e-02 -1.4292e-02 -1.4395e-02 -1.4553e-02 -1.4713e-02 -1.4868e-02 -1.5018e-02 -1.5163e-02 -1.5303e-02 -1.5437e-02 -1.5567e-02 -1.5691e-02 -1.5809e-02 -1.5922e-02 -1.6030e-02 -1.6132e-02 -1.6228e-02 -1.6319e-02 -1.6404e-02 -1.6483e-02 -1.6556e-02 -1.6623e-02 -1.6684e-02 -1.6740e-02 -1.6789e-02 -1.6832e-02 -1.6869e-02 -1.6900e-02 -1.6924e-02 -1.6943e-02 -1.6955e-02 -1.6962e-02 -1.6962e-02 -1.6955e-02 -1.6943e-02 -1.6924e-02 -1.6900e-02 -1.6869e-02 -1.6832e-02 -1.6789e-02
-1.2228e-02 -1.2367e-02 -1.2504e-02 -1.2638e-02 -1.2771e-02 -1.2901e-02 -1.3028e-02 -1.3154e-02 -1.3277e-02 -1.3397e-02 -1.3515e-02 -1.3630e-02 -1.3743e-02 -1.3853e-02 -1.3960e-02 -1.4064e-02 -1.4166e-02 -1.4265e-02 -1.4361e-02 -1.4485e-02 -1.4633e-02 -1.4776e-02 -1.4914e-02 -1.5047e-02 -1.5175e-02 -1.5297e-02 -1.5414e-02 -1.5525e-02 -1.5632e-02 -1.5732e-02 -1.5827e-02 -1.5916e-02 -1.6000e-02 -1.6078e-02 -1.6150e-02 -1.6216e-02 -1.6277e-02 -1.6331e-02 -1.6379e-02 -1.6422e-02 -1.6458e-02 -1.6489e-02 -1.6513e-02 -1.6531e-02 -1.6544e-02 -1.6550e-02 -1.6550e-02 -1.6544e-02 -1.6531e-02 -1.6513e-02 -1.6489e-02 -1.6458e-02 -1.6422e-02 -1.6379e-02
