NCOLS	200
NROWS	200
XLLCORNER	22532
YLLCORNER	394391
CELLSIZE	5
NODATA_VALUE	-9999
-3.7153e-03 -3.7638e-03 -3.8122e-03 -3.8603e-03 -3.9081e-03 -3.9557e-03 -4.0030e-03 -4.0500e-03 -4.0968e-03 -4.1433e-03 -4.1895e-03 -4.2354e-03 -4.2811e-03 -4.3264e-03 -4.3715e-03 -4.4162e-03 -4.4607e-03 -4.5048e-03 -4.5486e-03 -4.5921e-03 -4.6353e-03 -4.6781e-03 -4.7206e-03 -4.7628e-03 -4.8046e-03 -4.8460e-03 -4.8872e-03 -4.9414e-03 -5.0230e-03 -5.1040e-03 -5.1841e-03 -5.2635e-03 -5.3422e-03 -5.4200e-03 -5.4970e-03 -5.5732e-03 -5.6486e-03 -5.7231e-03 -5.7968e-03 -5.8696e-03 -5.9416e-03 -6.0126e-03 -6.0828e-03 -6.1520e-03 -6.2204e-03 -6.2878e-03 -6.3542e-03 -6.4197e-03 -6.4843e-03 -6.5478e-03 -6.6104e-03 -6.6719e-03 -6.7325e-03 -6.7920e-03 -6.8505e-03 -6.9079e-03 -6.9642e-03 -7.0195e-03 -7.0737e-03 -7.1268e-03 -7.1787e-03 -7.2296e-03 -7.2793e-03 -7.3278e-03 -7.3752e-03 -7.4215e-03 -7.4665e-03 -7.5104e-03 -7.5530e-03 -7.5945e-03 -7.6347e-03 -7.6737e-03 -7.7114e-03 -7.7479e-03 -7.7832e-03 -7.8171e-03 -7.8498e-03 -7.8812e-03 -7.9112e-03 -7.9400e-03 -7.9675e-03 -7.9936e-03 -8.0184e-03 -8.0419e-03 -8.0640e-03 -8.0848e-03 -8.1042e-03 -8.1222e-03 -8.1389e-03 -8.1542e-03 -8.1681e-03 -8.1807e-03 -8.1919e-03 -8.2016e-03 -8.2100e-03 -8.2170e-03 -8.2226e-03 -8.2268e-03 -8.2296e-03 -8.2310e-03 -8.2310e-03 -8.2296e-03 -8.2268e-03 -8.2226e-03 -8.2170e-03 -8.2100e-03 -8.2016e-03 -8.1919e-03 -8.1807e-03 -8.1681e-03 -8.1542e-03 -8.1389e-03 -8.1222e-03 -8.1042e-03 -8.0848e-03 -8.0640e-03 -8.0419e-03 -8.0184e-03 -7.9936e-03 -7.9675e-03 -7.9400e-03 -7.9112e-03 -7.8812e-03 -7.8498e-03 -7.8171e-03 -7.7832e-03 -7.7479e-03 -7.7114e-03 -7.6737e-03 -7.6347e-03 -7.5945e-03 -7.5530e-03 -7.5104e-03 -7.4665e-03 -7.4215e-03 -7.3752e-03 -7.3278e-03 -7.2793e-03 -7.2296e-03 -7.1787e-03 -7.1268e-03 -7.0737e-03 -7.0195e-03 -6.9642e-03 -6.9079e-03 -6.8505e-03 -6.7920e-03 -6.7325e-03 -6.6719e-03 -6.6104e-03 -6.5478e-03 -6.4843e-03 -6.4197e-03 -6.3542e-03 -6.2878e-03 -6.2204e-03 -6.1520e-03 -6.0828e-03 -6.0126e-03 -5.9416e-03 -5.8696e-03 -5.7968e-03 -5.7231e-03 -5.6486e-03 -5.5732e-03 -5.4970e-03 -5.4200e-03 -5.3422e-03 -5.2635e-03 -5.1841e-03 -5.1040e-03 -5.0230e-03 -4.9414e-03 -4.8872e-03 -4.8460e-03 -4.8046e-03 -4.7628e-03 -4.7206e-03 -4.6781e-03 -4.6353e-03 -4.5921e-03 -4.5486e-03 -4.5048e-03 -4.4607e-03 -4.4162e-03 -4.3715e-03 -4.3264e-03 -4.2811e-03 -4.2354e-03 -4.1895e-03 -4.1433e-03 -4.0968e-03 -4.0500e-03 -4.0030e-03 -3.9557e-03 -3.9081e-03 -3.8603e-03 -3.8122e-03 -3.7638e-03 -3.7153e-03
-3.7638e-03 -3.8127e-03 -3.8613e-03 -3.9096e-03 -3.9577e-03 -4.0055e-03 -4.0531e-03 -4.1004e-03 -4.1474e-03 -4.1941e-03 -4.2406e-03 -4.2868e-03 -4.3327e-03 -4.3783e-03 -4.4236e-03 -4.4686e-03 -4.5133e-03 -4.5577e-03 -4.6018e-03 -4.6455e-03 -4.6890e-03 -4.7321e-03 -4.7748e-03 -4.8173e-03 -4.8594e-03 -4.9011e-03 -4.9708e-03 -5.0538e-03 -5.1360e-03 -5.2175e-03 -5.2982e-03 -5.3781e-03 -5.4573e-03 -5.5356e-03 -5.6132e-03 -5.6899e-03 -5.7658e-03 -5.8409e-03 -5.9151e-03 -5.9885e-03 -6.0610e-03 -6.1326e-03 -6.2033e-03 -6.2730e-03 -6.3419e-03 -6.4098e-03 -6.4768e-03 -6.5428e-03 -6.6079e-03 -6.6719e-03 -6.7350e-03 -6.7971e-03 -6.8581e-03 -6.9181e-03 -6.9771e-03 -7.0350e-03 -7.0918e-03 -7.1475e-03 -7.2022e-03 -7.2557e-03 -7.3081e-03 -7.3594e-03 -7.4096e-03 -7.4586e-03 -7.5064e-03 -7.5530e-03 -7.5985e-03 -7.6428e-03 -7.6858e-03 -7.7276e-03 -7.7682e-03 -7.8076e-03 -7.8457e-03 -7.8825e-03 -7.9181e-03 -7.9524e-03 -7.9853e-03 -8.0170e-03 -8.0474e-03 -8.0764e-03 -8.1042e-03 -8.1306e-03 -8.1556e-03 -8.1793e-03 -8.2016e-03 -8.2226e-03 -8.2422e-03 -8.2604e-03 -8.2773e-03 -8.2928e-03 -8.3068e-03 -8.3195e-03 -8.3308e-03 -8.3407e-03 -8.3491e-03 -8.3562e-03 -8.3619e-03 -8.3661e-03 -8.3689e-03 -8.3703e-03 -8.3703e-03 -8.3689e-03 -8.3661e-03 -8.3619e-03 -8.3562e-03 -8.3491e-03 -8.3407e-03 -8.3308e-03 -8.3195e-03 -8.3068e-03 -8.2928e-03 -8.2773e-03 -8.2604e-03 -8.2422e-03 -8.2226e-03 -8.2016e-03 -8.1793e-03 -8.1556e-03 -8.1306e-03 -8.1042e-03 -8.0764e-03 -8.0474e-03 -8.0170e-03 -7.9853e-03 -7.9524e-03 -7.9181e-03 -7.8825e-03 -7.8457e-03 -7.8076e-03 -7.7682e-03 -7.7276e-03 -7.6858e-03 -7.6428e-03 -7.5985e-03 -7.5530e-03 -7.5064e-03 -7.4586e-03 -7.4096e-03 -7.3594e-03 -7.3081e-03 -7.2557e-03 -7.2022e-03 -7.1475e-03 -7.0918e-03 -7.0350e-03 -6.9771e-03 -6.9181e-03 -6.8581e-03 -6.7971e-03 -6.7350e-03 -6.6719e-03 -6.6079e-03 -6.5428e-03 -6.4768e-03 -6.4098e-03 -6.3419e-03 -6.2730e-03 -6.2033e-03 -6.1326e-03 -6.0610e-03 -5.9885e-03 -5.9151e-03 -5.8409e-03 -5.7658e-03 -5.6899e-03 -5.6132e-03 -5.5356e-03 -5.4573e-03 -5.3781e-03 -5.2982e-03 -5.2175e-03 -5.1360e-03 -5.0538e-03 -4.9708e-03 -4.9011e-03 -4.8594e-03 -4.8173e-03 -4.7748e-03 -4.7321e-03 -4.6890e-03 -4.6455e-03 -4.6018e-03 -4.5577e-03 -4.5133e-03 -4.4686e-03 -4.4236e-03 -4.3783e-03 -4.3327e-03 -4.2868e-03 -4.2406e-03 -4.1941e-03 -4.1474e-03 -4.1004e-03 -4.0531e-03 -4.0055e-03 -3.9577e-03 -3.9096e-03 -3.8613e-03 -3.8127e-03 -3.7638e-03
-3.8122e-03 -3.8613e-03 -3.9101e-03 -3.9587e-03 -4.0070e-03 -4.0551e-03 -4.1029e-03 -4.1505e-03 -4.1978e-03 -4.2448e-03 -4.2915e-03 -4.3379e-03 -4.3841e-03 -4.4300e-03 -4.4755e-03 -4.5208e-03 -4.5658e-03 -4.6104e-03 -4.6548e-03 -4.6988e-03 -4.7425e-03 -4.7858e-03 -4.8289e-03 -4.8716e-03 -4.9139e-03 -4.9980e-03 -5.0823e-03 -5.1658e-03 -5.2485e-03 -5.3306e-03 -5.4118e-03 -5.4923e-03 -5.5720e-03 -5.6509e-03 -5.7290e-03 -5.8063e-03 -5.8828e-03 -5.9584e-03 -6.0331e-03 -6.1070e-03 -6.1801e-03 -6.2522e-03 -6.3234e-03 -6.3938e-03 -6.4631e-03 -6.5316e-03 -6.5991e-03 -6.6657e-03 -6.7312e-03 -6.7958e-03 -6.8594e-03 -6.9219e-03 -6.9835e-03 -7.0440e-03 -7.1034e-03 -7.1618e-03 -7.2191e-03 -7.2753e-03 -7.3305e-03 -7.3845e-03 -7.4374e-03 -7.4891e-03 -7.5397e-03 -7.5891e-03 -7.6374e-03 -7.6845e-03 -7.7303e-03 -7.7750e-03 -7.8185e-03 -7.8607e-03 -7.9017e-03 -7.9414e-03 -7.9798e-03 -8.0170e-03 -8.0529e-03 -8.0875e-03 -8.1208e-03 -8.1528e-03 -8.1835e-03 -8.2128e-03 -8.2408e-03 -8.2675e-03 -8.2928e-03 -8.3167e-03 -8.3393e-03 -8.3604e-03 -8.3802e-03 -8.3987e-03 -8.4157e-03 -8.4313e-03 -8.4455e-03 -8.4583e-03 -8.4697e-03 -8.4797e-03 -8.4883e-03 -8.4954e-03 -8.5011e-03 -8.5054e-03 -8.5082e-03 -8.5097e-03 -8.5097e-03 -8.5082e-03 -8.5054e-03 -8.5011e-03 -8.4954e-03 -8.4883e-03 -8.4797e-03 -8.4697e-03 -8.4583e-03 -8.4455e-03 -8.4313e-03 -8.4157e-03 -8.3987e-03 -8.3802e-03 -8.3604e-03 -8.3393e-03 -8.3167e-03 -8.2928e-03 -8.2675e-03 -8.2408e-03 -8.2128e-03 -8.1835e-03 -8.1528e-03 -8.1208e-03 -8.0875e-03 -8.0529e-03 -8.0170e-03 -7.9798e-03 -7.9414e-03 -7.9017e-03 -7.8607e-03 -7.8185e-03 -7.7750e-03 -7.7303e-03 -7.6845e-03 -7.6374e-03 -7.5891e-03 -7.5397e-03 -7.4891e-03 -7.4374e-03 -7.3845e-03 -7.3305e-03 -7.2753e-03 -7.2191e-03 -7.1618e-03 -7.1034e-03 -7.0440e-03 -6.9835e-03 -6.9219e-03 -6.8594e-03 -6.7958e-03 -6.7312e-03 -6.6657e-03 -6.5991e-03 -6.5316e-03 -6.4631e-03 -6.3938e-03 -6.3234e-03 -6.2522e-03 -6.1801e-03 -6.1070e-03 -6.0331e-03 -5.9584e-03 -5.8828e-03 -5.8063e-03 -5.7290e-03 -5.6509e-03 -5.5720e-03 -5.4923e-03 -5.4118e-03 -5.3306e-03 -5.2485e-03 -5.1658e-03 -5.0823e-03 -4.9980e-03 -4.9139e-03 -4.8716e-03 -4.8289e-03 -4.7858e-03 -4.7425e-03 -4.6988e-03 -4.6548e-03 -4.6104e-03 -4.5658e-03 -4.5208e-03 -4.4755e-03 -4.4300e-03 -4.3841e-03 -4.3379e-03 -4.2915e-03 -4.2448e-03 -4.1978e-03 -4.1505e-03 -4.1029e-03 -4.0551e-03 -4.0070e-03 -3.9587e-03 -3.9101e-03 -3.8613e-03 -3.8122e-03
-3.8603e-03 -3.9096e-03 -3.9587e-03 -4.0075e-03 -4.0561e-03 -4.1045e-03 -4.1525e-03 -4.2003e-03 -4.2479e-03 -4.2951e-03 -4.3421e-03 -4.3888e-03 -4.4352e-03 -4.4814e-03 -4.5272e-03 -4.5727e-03 -4.6180e-03 -4.6629e-03 -4.7075e-03 -4.7518e-03 -4.7958e-03 -4.8394e-03 -4.8827e-03 -4.9368e-03 -5.0230e-03 -5.1085e-03 -5.1933e-03 -5.2774e-03 -5.3607e-03 -5.4433e-03 -5.5251e-03 -5.6061e-03 -5.6864e-03 -5.7658e-03 -5.8445e-03 -5.9223e-03 -5.9993e-03 -6.0755e-03 -6.1508e-03 -6.2253e-03 -6.2988e-03 -6.3715e-03 -6.4433e-03 -6.5141e-03 -6.5841e-03 -6.6531e-03 -6.7211e-03 -6.7882e-03 -6.8543e-03 -6.9194e-03 -6.9835e-03 -7.0466e-03 -7.1086e-03 -7.1696e-03 -7.2296e-03 -7.2885e-03 -7.3463e-03 -7.4030e-03 -7.4586e-03 -7.5131e-03 -7.5664e-03 -7.6186e-03 -7.6697e-03 -7.7195e-03 -7.7682e-03 -7.8157e-03 -7.8620e-03 -7.9071e-03 -7.9510e-03 -7.9936e-03 -8.0350e-03 -8.0751e-03 -8.1139e-03 -8.1514e-03 -8.1877e-03 -8.2226e-03 -8.2562e-03 -8.2885e-03 -8.3195e-03 -8.3491e-03 -8.3774e-03 -8.4043e-03 -8.4299e-03 -8.4541e-03 -8.4768e-03 -8.4982e-03 -8.5182e-03 -8.5368e-03 -8.5540e-03 -8.5698e-03 -8.5842e-03 -8.5971e-03 -8.6086e-03 -8.6187e-03 -8.6274e-03 -8.6346e-03 -8.6403e-03 -8.6447e-03 -8.6476e-03 -8.6490e-03 -8.6490e-03 -8.6476e-03 -8.6447e-03 -8.6403e-03 -8.6346e-03 -8.6274e-03 -8.6187e-03 -8.6086e-03 -8.5971e-03 -8.5842e-03 -8.5698e-03 -8.5540e-03 -8.5368e-03 -8.5182e-03 -8.4982e-03 -8.4768e-03 -8.4541e-03 -8.4299e-03 -8.4043e-03 -8.3774e-03 -8.3491e-03 -8.3195e-03 -8.2885e-03 -8.2562e-03 -8.2226e-03 -8.1877e-03 -8.1514e-03 -8.1139e-03 -8.0751e-03 -8.0350e-03 -7.9936e-03 -7.9510e-03 -7.9071e-03 -7.8620e-03 -7.8157e-03 -7.7682e-03 -7.7195e-03 -7.6697e-03 -7.6186e-03 -7.5664e-03 -7.5131e-03 -7.4586e-03 -7.4030e-03 -7.3463e-03 -7.2885e-03 -7.2296e-03 -7.1696e-03 -7.1086e-03 -7.0466e-03 -6.9835e-03 -6.9194e-03 -6.8543e-03 -6.7882e-03 -6.7211e-03 -6.6531e-03 -6.5841e-03 -6.5141e-03 -6.4433e-03 -6.3715e-03 -6.2988e-03 -6.2253e-03 -6.1508e-03 -6.0755e-03 -5.9993e-03 -5.9223e-03 -5.8445e-03 -5.7658e-03 -5.6864e-03 -5.6061e-03 -5.5251e-03 -5.4433e-03 -5.3607e-03 -5.2774e-03 -5.1933e-03 -5.1085e-03 -5.0230e-03 -4.9368e-03 -4.8827e-03 -4.8394e-03 -4.7958e-03 -4.7518e-03 -4.7075e-03 -4.6629e-03 -4.6180e-03 -4.5727e-03 -4.5272e-03 -4.4814e-03 -4.4352e-03 -4.3888e-03 -4.3421e-03 -4.2951e-03 -4.2479e-03 -4.2003e-03 -4.1525e-03 -4.1045e-03 -4.0561e-03 -4.0075e-03 -3.9587e-03 -3.9096e-03 -3.8603e-03
-3.9081e-03 -3.9577e-03 -4.0070e-03 -4.0561e-03 -4.1050e-03 -4.1535e-03 -4.2019e-03 -4.2499e-03 -4.2977e-03 -4.3453e-03 -4.3925e-03 -4.4395e-03 -4.4862e-03 -4.5325e-03 -4.5786e-03 -4.6244e-03 -4.6699e-03 -4.7151e-03 -4.7600e-03 -4.8046e-03 -4.8488e-03 -4.8927e-03 -4.9583e-03 -5.0458e-03 -5.1326e-03 -5.2186e-03 -5.3040e-03 -5.3886e-03 -5.4724e-03 -5.5556e-03 -5.6379e-03 -5.7195e-03 -5.8004e-03 -5.8804e-03 -5.9596e-03 -6.0380e-03 -6.1156e-03 -6.1923e-03 -6.2681e-03 -6.3431e-03 -6.4173e-03 -6.4905e-03 -6.5628e-03 -6.6342e-03 -6.7047e-03 -6.7742e-03 -6.8428e-03 -6.9104e-03 -6.9771e-03 -7.0427e-03 -7.1073e-03 -7.1709e-03 -7.2335e-03 -7.2950e-03 -7.3555e-03 -7.4149e-03 -7.4732e-03 -7.5304e-03 -7.5865e-03 -7.6414e-03 -7.6953e-03 -7.7479e-03 -7.7994e-03 -7.8498e-03 -7.8989e-03 -7.9469e-03 -7.9936e-03 -8.0391e-03 -8.0834e-03 -8.1264e-03 -8.1681e-03 -8.2086e-03 -8.2478e-03 -8.2857e-03 -8.3223e-03 -8.3576e-03 -8.3916e-03 -8.4242e-03 -8.4555e-03 -8.4854e-03 -8.5140e-03 -8.5411e-03 -8.5669e-03 -8.5914e-03 -8.6144e-03 -8.6360e-03 -8.6562e-03 -8.6750e-03 -8.6924e-03 -8.7083e-03 -8.7228e-03 -8.7359e-03 -8.7475e-03 -8.7577e-03 -8.7665e-03 -8.7737e-03 -8.7796e-03 -8.7839e-03 -8.7869e-03 -8.7883e-03 -8.7883e-03 -8.7869e-03 -8.7839e-03 -8.7796e-03 -8.7737e-03 -8.7665e-03 -8.7577e-03 -8.7475e-03 -8.7359e-03 -8.7228e-03 -8.7083e-03 -8.6924e-03 -8.6750e-03 -8.6562e-03 -8.6360e-03 -8.6144e-03 -8.5914e-03 -8.5669e-03 -8.5411e-03 -8.5140e-03 -8.4854e-03 -8.4555e-03 -8.4242e-03 -8.3916e-03 -8.3576e-03 -8.3223e-03 -8.2857e-03 -8.2478e-03 -8.2086e-03 -8.1681e-03 -8.1264e-03 -8.0834e-03 -8.0391e-03 -7.9936e-03 -7.9469e-03 -7.8989e-03 -7.8498e-03 -7.7994e-03 -7.7479e-03 -7.6953e-03 -7.6414e-03 -7.5865e-03 -7.5304e-03 -7.4732e-03 -7.4149e-03 -7.3555e-03 -7.2950e-03 -7.2335e-03 -7.1709e-03 -7.1073e-03 -7.0427e-03 -6.9771e-03 -6.9104e-03 -6.8428e-03 -6.7742e-03 -6.7047e-03 -6.6342e-03 -6.5628e-03 -6.4905e-03 -6.4173e-03 -6.3431e-03 -6.2681e-03 -6.1923e-03 -6.1156e-03 -6.0380e-03 -5.9596e-03 -5.8804e-03 -5.8004e-03 -5.7195e-03 -5.6379e-03 -5.5556e-03 -5.4724e-03 -5.3886e-03 -5.3040e-03 -5.2186e-03 -5.1326e-03 -5.0458e-03 -4.9583e-03 -4.8927e-03 -4.8488e-03 -4.8046e-03 -4.7600e-03 -4.7151e-03 -4.6699e-03 -4.6244e-03 -4.5786e-03 -4.5325e-03 -4.4862e-03 -4.4395e-03 -4.3925e-03 -4.3453e-03 -4.2977e-03 -4.2499e-03 -4.2019e-03 -4.1535e-03 -4.1050e-03 -4.0561e-03 -4.0070e-03 -3.9577e-03 -3.9081e-03
-3.9557e-03 -4.0055e-03 -4.0551e-03 -4.1045e-03 -4.1535e-03 -4.2024e-03 -4.2510e-03 -4.2993e-03 -4.3474e-03 -4.3951e-03 -4.4426e-03 -4.4899e-03 -4.5368e-03 -4.5835e-03 -4.6299e-03 -4.6759e-03 -4.7217e-03 -4.7672e-03 -4.8123e-03 -4.8571e-03 -4.9016e-03 -4.9776e-03 -5.0663e-03 -5.1543e-03 -5.2416e-03 -5.3283e-03 -5.4142e-03 -5.4993e-03 -5.5838e-03 -5.6675e-03 -5.7504e-03 -5.8326e-03 -5.9139e-03 -5.9945e-03 -6.0743e-03 -6.1533e-03 -6.2314e-03 -6.3087e-03 -6.3851e-03 -6.4607e-03 -6.5353e-03 -6.6091e-03 -6.6820e-03 -6.7540e-03 -6.8250e-03 -6.8951e-03 -6.9642e-03 -7.0324e-03 -7.0995e-03 -7.1657e-03 -7.2309e-03 -7.2950e-03 -7.3581e-03 -7.4202e-03 -7.4811e-03 -7.5410e-03 -7.5998e-03 -7.6576e-03 -7.7141e-03 -7.7696e-03 -7.8239e-03 -7.8771e-03 -7.9290e-03 -7.9798e-03 -8.0294e-03 -8.0778e-03 -8.1250e-03 -8.1709e-03 -8.2156e-03 -8.2590e-03 -8.3012e-03 -8.3421e-03 -8.3817e-03 -8.4199e-03 -8.4569e-03 -8.4925e-03 -8.5268e-03 -8.5598e-03 -8.5914e-03 -8.6216e-03 -8.6504e-03 -8.6779e-03 -8.7040e-03 -8.7286e-03 -8.7519e-03 -8.7737e-03 -8.7942e-03 -8.8131e-03 -8.8307e-03 -8.8468e-03 -8.8615e-03 -8.8747e-03 -8.8864e-03 -8.8967e-03 -8.9086e-03 -8.9218e-03 -8.9324e-03 -8.9404e-03 -8.9457e-03 -8.9483e-03 -8.9483e-03 -8.9457e-03 -8.9404e-03 -8.9324e-03 -8.9218e-03 -8.9086e-03 -8.8967e-03 -8.8864e-03 -8.8747e-03 -8.8615e-03 -8.8468e-03 -8.8307e-03 -8.8131e-03 -8.7942e-03 -8.7737e-03 -8.7519e-03 -8.7286e-03 -8.7040e-03 -8.6779e-03 -8.6504e-03 -8.6216e-03 -8.5914e-03 -8.5598e-03 -8.5268e-03 -8.4925e-03 -8.4569e-03 -8.4199e-03 -8.3817e-03 -8.3421e-03 -8.3012e-03 -8.2590e-03 -8.2156e-03 -8.1709e-03 -8.1250e-03 -8.0778e-03 -8.0294e-03 -7.9798e-03 -7.9290e-03 -7.8771e-03 -7.8239e-03 -7.7696e-03 -7.7141e-03 -7.6576e-03 -7.5998e-03 -7.5410e-03 -7.4811e-03 -7.4202e-03 -7.3581e-03 -7.2950e-03 -7.2309e-03 -7.1657e-03 -7.0995e-03 -7.0324e-03 -6.9642e-03 -6.8951e-03 -6.8250e-03 -6.7540e-03 -6.6820e-03 -6.6091e-03 -6.5353e-03 -6.4607e-03 -6.3851e-03 -6.3087e-03 -6.2314e-03 -6.1533e-03 -6.0743e-03 -5.9945e-03 -5.9139e-03 -5.8326e-03 -5.7504e-03 -5.6675e-03 -5.5838e-03 -5.4993e-03 -5.4142e-03 -5.3283e-03 -5.2416e-03 -5.1543e-03 -5.0663e-03 -4.9776e-03 -4.9016e-03 -4.8571e-03 -4.8123e-03 -4.7672e-03 -4.7217e-03 -4.6759e-03 -4.6299e-03 -4.5835e-03 -4.5368e-03 -4.4899e-03 -4.4426e-03 -4.3951e-03 -4.3474e-03 -4.2993e-03 -4.2510e-03 -4.2024e-03 -4.1535e-03 -4.1045e-03 -4.0551e-03 -4.0055e-03 -3.9557e-03
-4.0030e-03 -4.0531e-03 -4.1029e-03 -4.1525e-03 -4.2019e-03 -4.2510e-03 -4.2998e-03 -4.3484e-03 -4.3967e-03 -4.4448e-03 -4.4925e-03 -4.5400e-03 -4.5873e-03 -4.6342e-03 -4.6808e-03 -4.7272e-03 -4.7732e-03 -4.8189e-03 -4.8644e-03 -4.9095e-03 -4.9946e-03 -5.0846e-03 -5.1738e-03 -5.2624e-03 -5.3503e-03 -5.4374e-03 -5.5239e-03 -5.6097e-03 -5.6947e-03 -5.7789e-03 -5.8624e-03 -5.9452e-03 -6.0271e-03 -6.1083e-03 -6.1886e-03 -6.2681e-03 -6.3468e-03 -6.4247e-03 -6.5017e-03 -6.5778e-03 -6.6531e-03 -6.7274e-03 -6.8009e-03 -6.8734e-03 -6.9450e-03 -7.0156e-03 -7.0853e-03 -7.1540e-03 -7.2217e-03 -7.2885e-03 -7.3542e-03 -7.4188e-03 -7.4825e-03 -7.5450e-03 -7.6065e-03 -7.6670e-03 -7.7263e-03 -7.7845e-03 -7.8416e-03 -7.8976e-03 -7.9524e-03 -8.0060e-03 -8.0585e-03 -8.1097e-03 -8.1598e-03 -8.2086e-03 -8.2562e-03 -8.3026e-03 -8.3477e-03 -8.3916e-03 -8.4341e-03 -8.4754e-03 -8.5154e-03 -8.5540e-03 -8.5914e-03 -8.6274e-03 -8.6620e-03 -8.6953e-03 -8.7272e-03 -8.7577e-03 -8.7869e-03 -8.8146e-03 -8.8410e-03 -8.8659e-03 -8.8894e-03 -8.9192e-03 -8.9563e-03 -8.9907e-03 -9.0226e-03 -9.0519e-03 -9.0785e-03 -9.1025e-03 -9.1238e-03 -9.1425e-03 -9.1586e-03 -9.1719e-03 -9.1827e-03 -9.1907e-03 -9.1960e-03 -9.1987e-03 -9.1987e-03 -9.1960e-03 -9.1907e-03 -9.1827e-03 -9.1719e-03 -9.1586e-03 -9.1425e-03 -9.1238e-03 -9.1025e-03 -9.0785e-03 -9.0519e-03 -9.0226e-03 -8.9907e-03 -8.9563e-03 -8.9192e-03 -8.8894e-03 -8.8659e-03 -8.8410e-03 -8.8146e-03 -8.7869e-03 -8.7577e-03 -8.7272e-03 -8.6953e-03 -8.6620e-03 -8.6274e-03 -8.5914e-03 -8.5540e-03 -8.5154e-03 -8.4754e-03 -8.4341e-03 -8.3916e-03 -8.3477e-03 -8.3026e-03 -8.2562e-03 -8.2086e-03 -8.1598e-03 -8.1097e-03 -8.0585e-03 -8.0060e-03 -7.9524e-03 -7.8976e-03 -7.8416e-03 -7.7845e-03 -7.7263e-03 -7.6670e-03 -7.6065e-03 -7.5450e-03 -7.4825e-03 -7.4188e-03 -7.3542e-03 -7.2885e-03 -7.2217e-03 -7.1540e-03 -7.0853e-03 -7.0156e-03 -6.9450e-03 -6.8734e-03 -6.8009e-03 -6.7274e-03 -6.6531e-03 -6.5778e-03 -6.5017e-03 -6.4247e-03 -6.3468e-03 -6.2681e-03 -6.1886e-03 -6.1083e-03 -6.0271e-03 -5.9452e-03 -5.8624e-03 -5.7789e-03 -5.6947e-03 -5.6097e-03 -5.5239e-03 -5.4374e-03 -5.3503e-03 -5.2624e-03 -5.1738e-03 -5.0846e-03 -4.9946e-03 -4.9095e-03 -4.8644e-03 -4.8189e-03 -4.7732e-03 -4.7272e-03 -4.6808e-03 -4.6342e-03 -4.5873e-03 -4.5400e-03 -4.4925e-03 -4.4448e-03 -4.3967e-03 -4.3484e-03 -4.2998e-03 -4.2510e-03 -4.2019e-03 -4.1525e-03 -4.1029e-03 -4.0531e-03 -4.0030e-03
-4.0500e-03 -4.1004e-03 -4.1505e-03 -4.2003e-03 -4.2499e-03 -4.2993e-03 -4.3484e-03 -4.3972e-03 -4.4458e-03 -4.4941e-03 -4.5422e-03 -4.5899e-03 -4.6374e-03 -4.6846e-03 -4.7315e-03 -4.7781e-03 -4.8245e-03 -4.8705e-03 -4.9176e-03 -5.0094e-03 -5.1005e-03 -5.1910e-03 -5.2808e-03 -5.3700e-03 -5.4584e-03 -5.5462e-03 -5.6332e-03 -5.7195e-03 -5.8051e-03 -5.8900e-03 -5.9740e-03 -6.0573e-03 -6.1399e-03 -6.2216e-03 -6.3025e-03 -6.3826e-03 -6.4619e-03 -6.5403e-03 -6.6179e-03 -6.6946e-03 -6.7704e-03 -6.8454e-03 -6.9194e-03 -6.9925e-03 -7.0646e-03 -7.1358e-03 -7.2061e-03 -7.2753e-03 -7.3436e-03 -7.4109e-03 -7.4772e-03 -7.5424e-03 -7.6065e-03 -7.6697e-03 -7.7317e-03 -7.7927e-03 -7.8525e-03 -7.9112e-03 -7.9688e-03 -8.0253e-03 -8.0806e-03 -8.1347e-03 -8.1877e-03 -8.2394e-03 -8.2899e-03 -8.3393e-03 -8.3873e-03 -8.4341e-03 -8.4797e-03 -8.5240e-03 -8.5669e-03 -8.6086e-03 -8.6490e-03 -8.6880e-03 -8.7257e-03 -8.7621e-03 -8.7971e-03 -8.8307e-03 -8.8629e-03 -8.8938e-03 -8.9404e-03 -8.9907e-03 -9.0386e-03 -9.0838e-03 -9.1265e-03 -9.1666e-03 -9.2041e-03 -9.2389e-03 -9.2711e-03 -9.3007e-03 -9.3276e-03 -9.3519e-03 -9.3734e-03 -9.3923e-03 -9.4086e-03 -9.4221e-03 -9.4329e-03 -9.4410e-03 -9.4464e-03 -9.4491e-03 -9.4491e-03 -9.4464e-03 -9.4410e-03 -9.4329e-03 -9.4221e-03 -9.4086e-03 -9.3923e-03 -9.3734e-03 -9.3519e-03 -9.3276e-03 -9.3007e-03 -9.2711e-03 -9.2389e-03 -9.2041e-03 -9.1666e-03 -9.1265e-03 -9.0838e-03 -9.0386e-03 -8.9907e-03 -8.9404e-03 -8.8938e-03 -8.8629e-03 -8.8307e-03 -8.7971e-03 -8.7621e-03 -8.7257e-03 -8.6880e-03 -8.6490e-03 -8.6086e-03 -8.5669e-03 -8.5240e-03 -8.4797e-03 -8.4341e-03 -8.3873e-03 -8.3393e-03 -8.2899e-03 -8.2394e-03 -8.1877e-03 -8.1347e-03 -8.0806e-03 -8.0253e-03 -7.9688e-03 -7.9112e-03 -7.8525e-03 -7.7927e-03 -7.7317e-03 -7.6697e-03 -7.6065e-03 -7.5424e-03 -7.4772e-03 -7.4109e-03 -7.3436e-03 -7.2753e-03 -7.2061e-03 -7.1358e-03 -7.0646e-03 -6.9925e-03 -6.9194e-03 -6.8454e-03 -6.7704e-03 -6.6946e-03 -6.6179e-03 -6.5403e-03 -6.4619e-03 -6.3826e-03 -6.3025e-03 -6.2216e-03 -6.1399e-03 -6.0573e-03 -5.9740e-03 -5.8900e-03 -5.8051e-03 -5.7195e-03 -5.6332e-03 -5.5462e-03 -5.4584e-03 -5.3700e-03 -5.2808e-03 -5.1910e-03 -5.1005e-03 -5.0094e-03 -4.9176e-03 -4.8705e-03 -4.8245e-03 -4.7781e-03 -4.7315e-03 -4.6846e-03 -4.6374e-03 -4.5899e-03 -4.5422e-03 -4.4941e-03 -4.4458e-03 -4.3972e-03 -4.3484e-03 -4.2993e-03 -4.2499e-03 -4.2003e-03 -4.1505e-03 -4.1004e-03 -4.0500e-03
-4.0968e-03 -4.1474e-03 -4.1978e-03 -4.2479e-03 -4.2977e-03 -4.3474e-03 -4.3967e-03 -4.4458e-03 -4.4947e-03 -4.5432e-03 -4.5916e-03 -4.6396e-03 -4.6873e-03 -4.7348e-03 -4.7820e-03 -4.8289e-03 -4.8755e-03 -4.9289e-03 -5.0219e-03 -5.1143e-03 -5.2060e-03 -5.2970e-03 -5.3874e-03 -5.4771e-03 -5.5661e-03 -5.6545e-03 -5.7421e-03 -5.8290e-03 -5.9151e-03 -6.0005e-03 -6.0852e-03 -6.1691e-03 -6.2522e-03 -6.3345e-03 -6.4160e-03 -6.4967e-03 -6.5766e-03 -6.6556e-03 -6.7337e-03 -6.8110e-03 -6.8874e-03 -6.9629e-03 -7.0375e-03 -7.1112e-03 -7.1839e-03 -7.2557e-03 -7.3265e-03 -7.3964e-03 -7.4652e-03 -7.5330e-03 -7.5998e-03 -7.6656e-03 -7.7303e-03 -7.7940e-03 -7.8566e-03 -7.9181e-03 -7.9785e-03 -8.0377e-03 -8.0958e-03 -8.1528e-03 -8.2086e-03 -8.2633e-03 -8.3167e-03 -8.3689e-03 -8.4199e-03 -8.4697e-03 -8.5182e-03 -8.5655e-03 -8.6115e-03 -8.6562e-03 -8.6996e-03 -8.7417e-03 -8.7825e-03 -8.8219e-03 -8.8600e-03 -8.8967e-03 -8.9563e-03 -9.0173e-03 -9.0758e-03 -9.1319e-03 -9.1853e-03 -9.2362e-03 -9.2846e-03 -9.3303e-03 -9.3734e-03 -9.4140e-03 -9.4518e-03 -9.4871e-03 -9.5196e-03 -9.5495e-03 -9.5767e-03 -9.6012e-03 -9.6230e-03 -9.6421e-03 -9.6585e-03 -9.6722e-03 -9.6831e-03 -9.6913e-03 -9.6968e-03 -9.6995e-03 -9.6995e-03 -9.6968e-03 -9.6913e-03 -9.6831e-03 -9.6722e-03 -9.6585e-03 -9.6421e-03 -9.6230e-03 -9.6012e-03 -9.5767e-03 -9.5495e-03 -9.5196e-03 -9.4871e-03 -9.4518e-03 -9.4140e-03 -9.3734e-03 -9.3303e-03 -9.2846e-03 -9.2362e-03 -9.1853e-03 -9.1319e-03 -9.0758e-03 -9.0173e-03 -8.9563e-03 -8.8967e-03 -8.8600e-03 -8.8219e-03 -8.7825e-03 -8.7417e-03 -8.6996e-03 -8.6562e-03 -8.6115e-03 -8.5655e-03 -8.5182e-03 -8.4697e-03 -8.4199e-03 -8.3689e-03 -8.3167e-03 -8.2633e-03 -8.2086e-03 -8.1528e-03 -8.0958e-03 -8.0377e-03 -7.9785e-03 -7.9181e-03 -7.8566e-03 -7.7940e-03 -7.7303e-03 -7.6656e-03 -7.5998e-03 -7.5330e-03 -7.4652e-03 -7.3964e-03 -7.3265e-03 -7.2557e-03 -7.1839e-03 -7.1112e-03 -7.0375e-03 -6.9629e-03 -6.8874e-03 -6.8110e-03 -6.7337e-03 -6.6556e-03 -6.5766e-03 -6.4967e-03 -6.4160e-03 -6.3345e-03 -6.2522e-03 -6.1691e-03 -6.0852e-03 -6.0005e-03 -5.9151e-03 -5.8290e-03 -5.7421e-03 -5.6545e-03 -5.5661e-03 -5.4771e-03 -5.3874e-03 -5.2970e-03 -5.2060e-03 -5.1143e-03 -5.0219e-03 -4.9289e-03 -4.8755e-03 -4.8289e-03 -4.7820e-03 -4.7348e-03 -4.6873e-03 -4.6396e-03 -4.5916e-03 -4.5432e-03 -4.4947e-03 -4.4458e-03 -4.3967e-03 -4.3474e-03 -4.2977e-03 -4.2479e-03 -4.1978e-03 -4.1474e-03 -4.0968e-03
-4.1433e-03 -4.1941e-03 -4.2448e-03 -4.2951e-03 -4.3453e-03 -4.3951e-03 -4.4448e-03 -4.4941e-03 -4.5432e-03 -4.5921e-03 -4.6407e-03 -4.6890e-03 -4.7370e-03 -4.7847e-03 -4.8322e-03 -4.8794e-03 -4.9380e-03 -5.0321e-03 -5.1257e-03 -5.2186e-03 -5.3109e-03 -5.4025e-03 -5.4935e-03 -5.5838e-03 -5.6734e-03 -5.7623e-03 -5.8505e-03 -5.9379e-03 -6.0247e-03 -6.1107e-03 -6.1959e-03 -6.2804e-03 -6.3641e-03 -6.4470e-03 -6.5291e-03 -6.6104e-03 -6.6908e-03 -6.7704e-03 -6.8492e-03 -6.9271e-03 -7.0040e-03 -7.0801e-03 -7.1553e-03 -7.2296e-03 -7.3029e-03 -7.3752e-03 -7.4466e-03 -7.5170e-03 -7.5865e-03 -7.6549e-03 -7.7222e-03 -7.7886e-03 -7.8539e-03 -7.9181e-03 -7.9812e-03 -8.0432e-03 -8.1042e-03 -8.1640e-03 -8.2226e-03 -8.2801e-03 -8.3364e-03 -8.3916e-03 -8.4455e-03 -8.4982e-03 -8.5497e-03 -8.6000e-03 -8.6490e-03 -8.6967e-03 -8.7432e-03 -8.7883e-03 -8.8322e-03 -8.8747e-03 -8.9271e-03 -8.9987e-03 -9.0678e-03 -9.1345e-03 -9.1987e-03 -9.2604e-03 -9.3195e-03 -9.3761e-03 -9.4302e-03 -9.4816e-03 -9.5305e-03 -9.5767e-03 -9.6203e-03 -9.6613e-03 -9.6995e-03 -9.7351e-03 -9.7681e-03 -9.7983e-03 -9.8258e-03 -9.8506e-03 -9.8726e-03 -9.8919e-03 -9.9085e-03 -9.9223e-03 -9.9334e-03 -9.9417e-03 -9.9472e-03 -9.9500e-03 -9.9500e-03 -9.9472e-03 -9.9417e-03 -9.9334e-03 -9.9223e-03 -9.9085e-03 -9.8919e-03 -9.8726e-03 -9.8506e-03 -9.8258e-03 -9.7983e-03 -9.7681e-03 -9.7351e-03 -9.6995e-03 -9.6613e-03 -9.6203e-03 -9.5767e-03 -9.5305e-03 -9.4816e-03 -9.4302e-03 -9.3761e-03 -9.3195e-03 -9.2604e-03 -9.1987e-03 -9.1345e-03 -9.0678e-03 -8.9987e-03 -8.9271e-03 -8.8747e-03 -8.8322e-03 -8.7883e-03 -8.7432e-03 -8.6967e-03 -8.6490e-03 -8.6000e-03 -8.5497e-03 -8.4982e-03 -8.4455e-03 -8.3916e-03 -8.3364e-03 -8.2801e-03 -8.2226e-03 -8.1640e-03 -8.1042e-03 -8.0432e-03 -7.9812e-03 -7.9181e-03 -7.8539e-03 -7.7886e-03 -7.7222e-03 -7.6549e-03 -7.5865e-03 -7.5170e-03 -7.4466e-03 -7.3752e-03 -7.3029e-03 -7.2296e-03 -7.1553e-03 -7.0801e-03 -7.0040e-03 -6.9271e-03 -6.8492e-03 -6.7704e-03 -6.6908e-03 -6.6104e-03 -6.5291e-03 -6.4470e-03 -6.3641e-03 -6.2804e-03 -6.1959e-03 -6.1107e-03 -6.0247e-03 -5.9379e-03 -5.8505e-03 -5.7623e-03 -5.6734e-03 -5.5838e-03 -5.4935e-03 -5.4025e-03 -5.3109e-03 -5.2186e-03 -5.1257e-03 -5.0321e-03 -4.9380e-03 -4.8794e-03 -4.8322e-03 -4.7847e-03 -4.7370e-03 -4.6890e-03 -4.6407e-03 -4.5921e-03 -4.5432e-03 -4.4941e-03 -4.4448e-03 -4.3951e-03 -4.3453e-03 -4.2951e-03 -4.2448e-03 -4.1941e-03 -4.1433e-03
-4.1895e-03 -4.2406e-03 -4.2915e-03 -4.3421e-03 -4.3925e-03 -4.4426e-03 -4.4925e-03 -4.5422e-03 -4.5916e-03 -4.6407e-03 -4.6895e-03 -4.7381e-03 -4.7864e-03 -4.8344e-03 -4.8821e-03 -4.9448e-03 -5.0401e-03 -5.1348e-03 -5.2290e-03 -5.3225e-03 -5.4153e-03 -5.5075e-03 -5.5991e-03 -5.6899e-03 -5.7801e-03 -5.8696e-03 -5.9584e-03 -6.0465e-03 -6.1338e-03 -6.2204e-03 -6.3062e-03 -6.3913e-03 -6.4756e-03 -6.5591e-03 -6.6418e-03 -6.7236e-03 -6.8047e-03 -6.8849e-03 -6.9642e-03 -7.0427e-03 -7.1203e-03 -7.1970e-03 -7.2727e-03 -7.3476e-03 -7.4215e-03 -7.4944e-03 -7.5664e-03 -7.6374e-03 -7.7074e-03 -7.7764e-03 -7.8443e-03 -7.9112e-03 -7.9771e-03 -8.0419e-03 -8.1056e-03 -8.1681e-03 -8.2296e-03 -8.2899e-03 -8.3491e-03 -8.4072e-03 -8.4640e-03 -8.5197e-03 -8.5741e-03 -8.6274e-03 -8.6794e-03 -8.7301e-03 -8.7796e-03 -8.8278e-03 -8.8747e-03 -8.9351e-03 -9.0146e-03 -9.0918e-03 -9.1666e-03 -9.2389e-03 -9.3088e-03 -9.3761e-03 -9.4410e-03 -9.5033e-03 -9.5631e-03 -9.6203e-03 -9.6749e-03 -9.7269e-03 -9.7763e-03 -9.8230e-03 -9.8671e-03 -9.9085e-03 -9.9472e-03 -9.9832e-03 -1.0016e-02 -1.0047e-02 -1.0075e-02 -1.0100e-02 -1.0122e-02 -1.0142e-02 -1.0158e-02 -1.0172e-02 -1.0184e-02 -1.0192e-02 -1.0198e-02 -1.0200e-02 -1.0200e-02 -1.0198e-02 -1.0192e-02 -1.0184e-02 -1.0172e-02 -1.0158e-02 -1.0142e-02 -1.0122e-02 -1.0100e-02 -1.0075e-02 -1.0047e-02 -1.0016e-02 -9.9832e-03 -9.9472e-03 -9.9085e-03 -9.8671e-03 -9.8230e-03 -9.7763e-03 -9.7269e-03 -9.6749e-03 -9.6203e-03 -9.5631e-03 -9.5033e-03 -9.4410e-03 -9.3761e-03 -9.3088e-03 -9.2389e-03 -9.1666e-03 -9.0918e-03 -9.0146e-03 -8.9351e-03 -8.8747e-03 -8.8278e-03 -8.7796e-03 -8.7301e-03 -8.6794e-03 -8.6274e-03 -8.5741e-03 -8.5197e-03 -8.4640e-03 -8.4072e-03 -8.3491e-03 -8.2899e-03 -8.2296e-03 -8.1681e-03 -8.1056e-03 -8.0419e-03 -7.9771e-03 -7.9112e-03 -7.8443e-03 -7.7764e-03 -7.7074e-03 -7.6374e-03 -7.5664e-03 -7.4944e-03 -7.4215e-03 -7.3476e-03 -7.2727e-03 -7.1970e-03 -7.1203e-03 -7.0427e-03 -6.9642e-03 -6.8849e-03 -6.8047e-03 -6.7236e-03 -6.6418e-03 -6.5591e-03 -6.4756e-03 -6.3913e-03 -6.3062e-03 -6.2204e-03 -6.1338e-03 -6.0465e-03 -5.9584e-03 -5.8696e-03 -5.7801e-03 -5.6899e-03 -5.5991e-03 -5.5075e-03 -5.4153e-03 -5.3225e-03 -5.2290e-03 -5.1348e-03 -5.0401e-03 -4.9448e-03 -4.8821e-03 -4.8344e-03 -4.7864e-03 -4.7381e-03 -4.6895e-03 -4.6407e-03 -4.5916e-03 -4.5422e-03 -4.4925e-03 -4.4426e-03 -4.3925e-03 -4.3421e-03 -4.2915e-03 -4.2406e-03 -4.1895e-03
-4.2354e-03 -4.2868e-03 -4.3379e-03 -4.3888e-03 -4.4395e-03 -4.4899e-03 -4.5400e-03 -4.5899e-03 -4.6396e-03 -4.6890e-03 -4.7381e-03 -4.7869e-03 -4.8355e-03 -4.8838e-03 -4.9493e-03 -5.0458e-03 -5.1417e-03 -5.2370e-03 -5.3317e-03 -5.4258e-03 -5.5192e-03 -5.6120e-03 -5.7041e-03 -5.7956e-03 -5.8864e-03 -5.9764e-03 -6.0658e-03 -6.1545e-03 -6.2424e-03 -6.3296e-03 -6.4160e-03 -6.5017e-03 -6.5866e-03 -6.6707e-03 -6.7540e-03 -6.8365e-03 -6.9181e-03 -6.9989e-03 -7.0788e-03 -7.1579e-03 -7.2361e-03 -7.3134e-03 -7.3898e-03 -7.4652e-03 -7.5397e-03 -7.6132e-03 -7.6858e-03 -7.7574e-03 -7.8280e-03 -7.8976e-03 -7.9661e-03 -8.0336e-03 -8.1000e-03 -8.1654e-03 -8.2296e-03 -8.2928e-03 -8.3548e-03 -8.4157e-03 -8.4754e-03 -8.5340e-03 -8.5914e-03 -8.6476e-03 -8.7025e-03 -8.7563e-03 -8.8088e-03 -8.8600e-03 -8.9165e-03 -9.0040e-03 -9.0892e-03 -9.1719e-03 -9.2523e-03 -9.3303e-03 -9.4059e-03 -9.4789e-03 -9.5495e-03 -9.6176e-03 -9.6831e-03 -9.7461e-03 -9.8065e-03 -9.8643e-03 -9.9195e-03 -9.9721e-03 -1.0022e-02 -1.0069e-02 -1.0114e-02 -1.0156e-02 -1.0195e-02 -1.0231e-02 -1.0265e-02 -1.0296e-02 -1.0324e-02 -1.0349e-02 -1.0372e-02 -1.0391e-02 -1.0408e-02 -1.0422e-02 -1.0434e-02 -1.0442e-02 -1.0448e-02 -1.0451e-02 -1.0451e-02 -1.0448e-02 -1.0442e-02 -1.0434e-02 -1.0422e-02 -1.0408e-02 -1.0391e-02 -1.0372e-02 -1.0349e-02 -1.0324e-02 -1.0296e-02 -1.0265e-02 -1.0231e-02 -1.0195e-02 -1.0156e-02 -1.0114e-02 -1.0069e-02 -1.0022e-02 -9.9721e-03 -9.9195e-03 -9.8643e-03 -9.8065e-03 -9.7461e-03 -9.6831e-03 -9.6176e-03 -9.5495e-03 -9.4789e-03 -9.4059e-03 -9.3303e-03 -9.2523e-03 -9.1719e-03 -9.0892e-03 -9.0040e-03 -8.9165e-03 -8.8600e-03 -8.8088e-03 -8.7563e-03 -8.7025e-03 -8.6476e-03 -8.5914e-03 -8.5340e-03 -8.4754e-03 -8.4157e-03 -8.3548e-03 -8.2928e-03 -8.2296e-03 -8.1654e-03 -8.1000e-03 -8.0336e-03 -7.9661e-03 -7.8976e-03 -7.8280e-03 -7.7574e-03 -7.6858e-03 -7.6132e-03 -7.5397e-03 -7.4652e-03 -7.3898e-03 -7.3134e-03 -7.2361e-03 -7.1579e-03 -7.0788e-03 -6.9989e-03 -6.9181e-03 -6.8365e-03 -6.7540e-03 -6.6707e-03 -6.5866e-03 -6.5017e-03 -6.4160e-03 -6.3296e-03 -6.2424e-03 -6.1545e-03 -6.0658e-03 -5.9764e-03 -5.8864e-03 -5.7956e-03 -5.7041e-03 -5.6120e-03 -5.5192e-03 -5.4258e-03 -5.3317e-03 -5.2370e-03 -5.1417e-03 -5.0458e-03 -4.9493e-03 -4.8838e-03 -4.8355e-03 -4.7869e-03 -4.7381e-03 -4.6890e-03 -4.6396e-03 -4.5899e-03 -4.5400e-03 -4.4899e-03 -4.4395e-03 -4.3888e-03 -4.3379e-03 -4.2868e-03 -4.2354e-03
-4.2811e-03 -4.3327e-03 -4.3841e-03 -4.4352e-03 -4.4862e-03 -4.5368e-03 -4.5873e-03 -4.6374e-03 -4.6873e-03 -4.7370e-03 -4.7864e-03 -4.8355e-03 -4.8844e-03 -4.9516e-03 -5.0492e-03 -5.1463e-03 -5.2428e-03 -5.3387e-03 -5.4339e-03 -5.5286e-03 -5.6226e-03 -5.7160e-03 -5.8087e-03 -5.9007e-03 -5.9921e-03 -6.0828e-03 -6.1728e-03 -6.2620e-03 -6.3505e-03 -6.4383e-03 -6.5254e-03 -6.6116e-03 -6.6971e-03 -6.7818e-03 -6.8657e-03 -6.9488e-03 -7.0311e-03 -7.1125e-03 -7.1930e-03 -7.2727e-03 -7.3515e-03 -7.4294e-03 -7.5064e-03 -7.5824e-03 -7.6576e-03 -7.7317e-03 -7.8049e-03 -7.8771e-03 -7.9482e-03 -8.0184e-03 -8.0875e-03 -8.1556e-03 -8.2226e-03 -8.2885e-03 -8.3534e-03 -8.4171e-03 -8.4797e-03 -8.5411e-03 -8.6014e-03 -8.6606e-03 -8.7185e-03 -8.7752e-03 -8.8307e-03 -8.8850e-03 -8.9669e-03 -9.0599e-03 -9.1506e-03 -9.2389e-03 -9.3249e-03 -9.4086e-03 -9.4898e-03 -9.5685e-03 -9.6449e-03 -9.7187e-03 -9.7900e-03 -9.8588e-03 -9.9251e-03 -9.9887e-03 -1.0050e-02 -1.0108e-02 -1.0164e-02 -1.0217e-02 -1.0268e-02 -1.0315e-02 -1.0360e-02 -1.0403e-02 -1.0442e-02 -1.0479e-02 -1.0513e-02 -1.0544e-02 -1.0573e-02 -1.0598e-02 -1.0621e-02 -1.0641e-02 -1.0658e-02 -1.0673e-02 -1.0684e-02 -1.0693e-02 -1.0698e-02 -1.0701e-02 -1.0701e-02 -1.0698e-02 -1.0693e-02 -1.0684e-02 -1.0673e-02 -1.0658e-02 -1.0641e-02 -1.0621e-02 -1.0598e-02 -1.0573e-02 -1.0544e-02 -1.0513e-02 -1.0479e-02 -1.0442e-02 -1.0403e-02 -1.0360e-02 -1.0315e-02 -1.0268e-02 -1.0217e-02 -1.0164e-02 -1.0108e-02 -1.0050e-02 -9.9887e-03 -9.9251e-03 -9.8588e-03 -9.7900e-03 -9.7187e-03 -9.6449e-03 -9.5685e-03 -9.4898e-03 -9.4086e-03 -9.3249e-03 -9.2389e-03 -9.1506e-03 -9.0599e-03 -8.9669e-03 -8.8850e-03 -8.8307e-03 -8.7752e-03 -8.7185e-03 -8.6606e-03 -8.6014e-03 -8.5411e-03 -8.4797e-03 -8.4171e-03 -8.3534e-03 -8.2885e-03 -8.2226e-03 -8.1556e-03 -8.0875e-03 -8.0184e-03 -7.9482e-03 -7.8771e-03 -7.8049e-03 -7.7317e-03 -7.6576e-03 -7.5824e-03 -7.5064e-03 -7.4294e-03 -7.3515e-03 -7.2727e-03 -7.1930e-03 -7.1125e-03 -7.0311e-03 -6.9488e-03 -6.8657e-03 -6.7818e-03 -6.6971e-03 -6.6116e-03 -6.5254e-03 -6.4383e-03 -6.3505e-03 -6.2620e-03 -6.1728e-03 -6.0828e-03 -5.9921e-03 -5.9007e-03 -5.8087e-03 -5.7160e-03 -5.6226e-03 -5.5286e-03 -5.4339e-03 -5.3387e-03 -5.2428e-03 -5.1463e-03 -5.0492e-03 -4.9516e-03 -4.8844e-03 -4.8355e-03 -4.7864e-03 -4.7370e-03 -4.6873e-03 -4.6374e-03 -4.5873e-03 -4.5368e-03 -4.4862e-03 -4.4352e-03 -4.3841e-03 -4.3327e-03 -4.2811e-03
-4.3264e-03 -4.3783e-03 -4.4300e-03 -4.4814e-03 -4.5325e-03 -4.5835e-03 -4.6342e-03 -4.6846e-03 -4.7348e-03 -4.7847e-03 -4.8344e-03 -4.8838e-03 -4.9516e-03 -5.0504e-03 -5.1486e-03 -5.2462e-03 -5.3433e-03 -5.4398e-03 -5.5356e-03 -5.6309e-03 -5.7255e-03 -5.8194e-03 -5.9127e-03 -6.0054e-03 -6.0973e-03 -6.1886e-03 -6.2792e-03 -6.3690e-03 -6.4582e-03 -6.5466e-03 -6.6342e-03 -6.7211e-03 -6.8072e-03 -6.8925e-03 -6.9771e-03 -7.0608e-03 -7.1436e-03 -7.2257e-03 -7.3068e-03 -7.3871e-03 -7.4665e-03 -7.5450e-03 -7.6226e-03 -7.6993e-03 -7.7750e-03 -7.8498e-03 -7.9236e-03 -7.9963e-03 -8.0681e-03 -8.1389e-03 -8.2086e-03 -8.2773e-03 -8.3449e-03 -8.4114e-03 -8.4768e-03 -8.5411e-03 -8.6043e-03 -8.6663e-03 -8.7272e-03 -8.7869e-03 -8.8453e-03 -8.9033e-03 -9.0040e-03 -9.1025e-03 -9.1987e-03 -9.2926e-03 -9.3842e-03 -9.4735e-03 -9.5604e-03 -9.6449e-03 -9.7269e-03 -9.8065e-03 -9.8836e-03 -9.9583e-03 -1.0030e-02 -1.0100e-02 -1.0167e-02 -1.0231e-02 -1.0293e-02 -1.0352e-02 -1.0408e-02 -1.0462e-02 -1.0513e-02 -1.0561e-02 -1.0607e-02 -1.0650e-02 -1.0690e-02 -1.0727e-02 -1.0761e-02 -1.0793e-02 -1.0822e-02 -1.0848e-02 -1.0871e-02 -1.0891e-02 -1.0908e-02 -1.0923e-02 -1.0934e-02 -1.0943e-02 -1.0949e-02 -1.0952e-02 -1.0952e-02 -1.0949e-02 -1.0943e-02 -1.0934e-02 -1.0923e-02 -1.0908e-02 -1.0891e-02 -1.0871e-02 -1.0848e-02 -1.0822e-02 -1.0793e-02 -1.0761e-02 -1.0727e-02 -1.0690e-02 -1.0650e-02 -1.0607e-02 -1.0561e-02 -1.0513e-02 -1.0462e-02 -1.0408e-02 -1.0352e-02 -1.0293e-02 -1.0231e-02 -1.0167e-02 -1.0100e-02 -1.0030e-02 -9.9583e-03 -9.8836e-03 -9.8065e-03 -9.7269e-03 -9.6449e-03 -9.5604e-03 -9.4735e-03 -9.3842e-03 -9.2926e-03 -9.1987e-03 -9.1025e-03 -9.0040e-03 -8.9033e-03 -8.8453e-03 -8.7869e-03 -8.7272e-03 -8.6663e-03 -8.6043e-03 -8.5411e-03 -8.4768e-03 -8.4114e-03 -8.3449e-03 -8.2773e-03 -8.2086e-03 -8.1389e-03 -8.0681e-03 -7.9963e-03 -7.9236e-03 -7.8498e-03 -7.7750e-03 -7.6993e-03 -7.6226e-03 -7.5450e-03 -7.4665e-03 -7.3871e-03 -7.3068e-03 -7.2257e-03 -7.1436e-03 -7.0608e-03 -6.9771e-03 -6.8925e-03 -6.8072e-03 -6.7211e-03 -6.6342e-03 -6.5466e-03 -6.4582e-03 -6.3690e-03 -6.2792e-03 -6.1886e-03 -6.0973e-03 -6.0054e-03 -5.9127e-03 -5.8194e-03 -5.7255e-03 -5.6309e-03 -5.5356e-03 -5.4398e-03 -5.3433e-03 -5.2462e-03 -5.1486e-03 -5.0504e-03 -4.9516e-03 -4.8838e-03 -4.8344e-03 -4.7847e-03 -4.7348e-03 -4.6846e-03 -4.6342e-03 -4.5835e-03 -4.5325e-03 -4.4814e-03 -4.4300e-03 -4.3783e-03 -4.3264e-03
-4.3715e-03 -4.4236e-03 -4.4755e-03 -4.5272e-03 -4.5786e-03 -4.6299e-03 -4.6808e-03 -4.7315e-03 -4.7820e-03 -4.8322e-03 -4.8821e-03 -4.9493e-03 -5.0492e-03 -5.1486e-03 -5.2474e-03 -5.3456e-03 -5.4433e-03 -5.5403e-03 -5.6368e-03 -5.7326e-03 -5.8278e-03 -5.9223e-03 -6.0162e-03 -6.1095e-03 -6.2020e-03 -6.2939e-03 -6.3851e-03 -6.4756e-03 -6.5653e-03 -6.6543e-03 -6.7426e-03 -6.8301e-03 -6.9168e-03 -7.0028e-03 -7.0879e-03 -7.1722e-03 -7.2557e-03 -7.3384e-03 -7.4202e-03 -7.5011e-03 -7.5811e-03 -7.6602e-03 -7.7385e-03 -7.8157e-03 -7.8921e-03 -7.9675e-03 -8.0419e-03 -8.1153e-03 -8.1877e-03 -8.2590e-03 -8.3294e-03 -8.3987e-03 -8.4669e-03 -8.5340e-03 -8.6000e-03 -8.6649e-03 -8.7286e-03 -8.7912e-03 -8.8527e-03 -8.9218e-03 -9.0279e-03 -9.1319e-03 -9.2336e-03 -9.3330e-03 -9.4302e-03 -9.5251e-03 -9.6176e-03 -9.7078e-03 -9.7955e-03 -9.8809e-03 -9.9638e-03 -1.0044e-02 -1.0122e-02 -1.0198e-02 -1.0270e-02 -1.0341e-02 -1.0408e-02 -1.0473e-02 -1.0536e-02 -1.0596e-02 -1.0653e-02 -1.0707e-02 -1.0758e-02 -1.0807e-02 -1.0853e-02 -1.0897e-02 -1.0937e-02 -1.0975e-02 -1.1010e-02 -1.1042e-02 -1.1071e-02 -1.1097e-02 -1.1120e-02 -1.1141e-02 -1.1158e-02 -1.1173e-02 -1.1184e-02 -1.1193e-02 -1.1199e-02 -1.1202e-02 -1.1202e-02 -1.1199e-02 -1.1193e-02 -1.1184e-02 -1.1173e-02 -1.1158e-02 -1.1141e-02 -1.1120e-02 -1.1097e-02 -1.1071e-02 -1.1042e-02 -1.1010e-02 -1.0975e-02 -1.0937e-02 -1.0897e-02 -1.0853e-02 -1.0807e-02 -1.0758e-02 -1.0707e-02 -1.0653e-02 -1.0596e-02 -1.0536e-02 -1.0473e-02 -1.0408e-02 -1.0341e-02 -1.0270e-02 -1.0198e-02 -1.0122e-02 -1.0044e-02 -9.9638e-03 -9.8809e-03 -9.7955e-03 -9.7078e-03 -9.6176e-03 -9.5251e-03 -9.4302e-03 -9.3330e-03 -9.2336e-03 -9.1319e-03 -9.0279e-03 -8.9218e-03 -8.8527e-03 -8.7912e-03 -8.7286e-03 -8.6649e-03 -8.6000e-03 -8.5340e-03 -8.4669e-03 -8.3987e-03 -8.3294e-03 -8.2590e-03 -8.1877e-03 -8.1153e-03 -8.0419e-03 -7.9675e-03 -7.8921e-03 -7.8157e-03 -7.7385e-03 -7.6602e-03 -7.5811e-03 -7.5011e-03 -7.4202e-03 -7.3384e-03 -7.2557e-03 -7.1722e-03 -7.0879e-03 -7.0028e-03 -6.9168e-03 -6.8301e-03 -6.7426e-03 -6.6543e-03 -6.5653e-03 -6.4756e-03 -6.3851e-03 -6.2939e-03 -6.2020e-03 -6.1095e-03 -6.0162e-03 -5.9223e-03 -5.8278e-03 -5.7326e-03 -5.6368e-03 -5.5403e-03 -5.4433e-03 -5.3456e-03 -5.2474e-03 -5.1486e-03 -5.0492e-03 -4.9493e-03 -4.8821e-03 -4.8322e-03 -4.7820e-03 -4.7315e-03 -4.6808e-03 -4.6299e-03 -4.5786e-03 -4.5272e-03 -4.4755e-03 -4.4236e-03 -4.3715e-03
-4.4162e-03 -4.4686e-03 -4.5208e-03 -4.5727e-03 -4.6244e-03 -4.6759e-03 -4.7272e-03 -4.7781e-03 -4.8289e-03 -4.8794e-03 -4.9448e-03 -5.0458e-03 -5.1463e-03 -5.2462e-03 -5.3456e-03 -5.4444e-03 -5.5427e-03 -5.6403e-03 -5.7373e-03 -5.8337e-03 -5.9295e-03 -6.0247e-03 -6.1192e-03 -6.2130e-03 -6.3062e-03 -6.3987e-03 -6.4905e-03 -6.5816e-03 -6.6719e-03 -6.7616e-03 -6.8505e-03 -6.9386e-03 -7.0259e-03 -7.1125e-03 -7.1983e-03 -7.2832e-03 -7.3673e-03 -7.4506e-03 -7.5330e-03 -7.6146e-03 -7.6953e-03 -7.7750e-03 -7.8539e-03 -7.9318e-03 -8.0087e-03 -8.0848e-03 -8.1598e-03 -8.2338e-03 -8.3068e-03 -8.3788e-03 -8.4498e-03 -8.5197e-03 -8.5885e-03 -8.6562e-03 -8.7228e-03 -8.7883e-03 -8.8527e-03 -8.9271e-03 -9.0386e-03 -9.1479e-03 -9.2550e-03 -9.3600e-03 -9.4627e-03 -9.5631e-03 -9.6613e-03 -9.7571e-03 -9.8506e-03 -9.9417e-03 -1.0030e-02 -1.0117e-02 -1.0200e-02 -1.0282e-02 -1.0360e-02 -1.0437e-02 -1.0510e-02 -1.0581e-02 -1.0650e-02 -1.0716e-02 -1.0779e-02 -1.0839e-02 -1.0897e-02 -1.0952e-02 -1.1004e-02 -1.1053e-02 -1.1100e-02 -1.1144e-02 -1.1184e-02 -1.1223e-02 -1.1258e-02 -1.1290e-02 -1.1319e-02 -1.1346e-02 -1.1370e-02 -1.1390e-02 -1.1408e-02 -1.1423e-02 -1.1435e-02 -1.1444e-02 -1.1449e-02 -1.1452e-02 -1.1452e-02 -1.1449e-02 -1.1444e-02 -1.1435e-02 -1.1423e-02 -1.1408e-02 -1.1390e-02 -1.1370e-02 -1.1346e-02 -1.1319e-02 -1.1290e-02 -1.1258e-02 -1.1223e-02 -1.1184e-02 -1.1144e-02 -1.1100e-02 -1.1053e-02 -1.1004e-02 -1.0952e-02 -1.0897e-02 -1.0839e-02 -1.0779e-02 -1.0716e-02 -1.0650e-02 -1.0581e-02 -1.0510e-02 -1.0437e-02 -1.0360e-02 -1.0282e-02 -1.0200e-02 -1.0117e-02 -1.0030e-02 -9.9417e-03 -9.8506e-03 -9.7571e-03 -9.6613e-03 -9.5631e-03 -9.4627e-03 -9.3600e-03 -9.2550e-03 -9.1479e-03 -9.0386e-03 -8.9271e-03 -8.8527e-03 -8.7883e-03 -8.7228e-03 -8.6562e-03 -8.5885e-03 -8.5197e-03 -8.4498e-03 -8.3788e-03 -8.3068e-03 -8.2338e-03 -8.1598e-03 -8.0848e-03 -8.0087e-03 -7.9318e-03 -7.8539e-03 -7.7750e-03 -7.6953e-03 -7.6146e-03 -7.5330e-03 -7.4506e-03 -7.3673e-03 -7.2832e-03 -7.1983e-03 -7.1125e-03 -7.0259e-03 -6.9386e-03 -6.8505e-03 -6.7616e-03 -6.6719e-03 -6.5816e-03 -6.4905e-03 -6.3987e-03 -6.3062e-03 -6.2130e-03 -6.1192e-03 -6.0247e-03 -5.9295e-03 -5.8337e-03 -5.7373e-03 -5.6403e-03 -5.5427e-03 -5.4444e-03 -5.3456e-03 -5.2462e-03 -5.1463e-03 -5.0458e-03 -4.9448e-03 -4.8794e-03 -4.8289e-03 -4.7781e-03 -4.7272e-03 -4.6759e-03 -4.6244e-03 -4.5727e-03 -4.5208e-03 -4.4686e-03 -4.4162e-03
