function col = erosed(m)
%EROSED
%  
%See also: 

col(:,1)=[  
45  
75  
105 
135 
165 
195 
225 
255 
255 
255 
255 
255 
255 
255 
255 
255 
];

col(:,2)=[ 
45 
75 
105
135
165
195
225
255
255
225
195
165
135
105
 75
 45
];

col(:,3)=[
255
255
 255
 255
 255
 255
 255
 255
 255
  75
  75
  75
  75
  75
  75
  75
];
col=col/255;